catStrategy,dogStrategy,catToDog1x,catToDog1y,catToDog2x,catToDog2y,catToDog1,catToDog2,catToExitX,catToExitY,catDog1Angle,catDog2Angle,catToLeft,catToRight,catToTop,catToBottom,dog1ToLeft,dog1ToRight,dog1ToTop,dog1ToBottom,dog2ToLeft,dog2ToRight,dog2ToTop,dog2ToBottom,dogInnterDist,dog1ToExitX,dog1ToExitY,dog2ToExitX,dog2ToExitY,turn,dog1Dir,dog2Dir,CalculationTime,GameResult
Square,MonteCarloStateSingle-Time300,2,14,-1,14,14.14213562,14.03566885,1,19,7,-14,10,10,19,1,8,12,5,15,11,9,5,15,3,-1,8,2,11,0,Down,Down,300,3
Square,MonteCarloStateSingle-Time300,2,11,-1,11,11.18033989,11.04536102,1,17,5,-11,10,10,17,3,8,12,6,14,11,9,6,14,3,-1,8,2,11,1,Down,Left,300,3
Square,MonteCarloStateSingle-Time300,2,8,0,9,8.246211251,9,1,15,4,1,10,10,15,5,8,12,7,13,10,10,6,14,2,-1,8,1,10,2,Right,Down,300,3
Square,MonteCarloStateSingle-Time300,1,6,0,6,6.08276253,6,1,13,6,1,10,10,13,7,9,11,7,13,10,10,7,13,1,0,9,1,10,3,Right,Left,300,3
Square,MonteCarloStateSingle-Time300,0,4,1,4,4,4.123105626,1,11,1,4,10,10,11,9,10,10,7,13,9,11,7,13,1,1,10,0,9,4,Up,Left,300,3
Square,MonteCarloStateSingle-Time300,1,4,3,3,4.123105626,4.242640687,2,10,4,1,11,9,10,10,10,10,6,14,8,12,7,13,2,1,10,-1,8,5,Up,Up,300,3
Square,MonteCarloStateSingle-Time300,3,5,5,4,5.830951895,6.403124237,4,10,1,0,13,7,10,10,10,10,5,15,8,12,6,14,2,1,10,-1,8,6,Down,Right,300,3
Square,MonteCarloStateSingle-Time300,5,4,6,4,6.403124237,7.211102551,6,10,0,0,15,5,10,10,10,10,6,14,9,11,6,14,1,1,10,0,9,7,Up,Up,300,3
Square,MonteCarloStateSingle-Time300,7,5,8,5,8.602325267,9.433981132,8,10,0,0,17,3,10,10,10,10,5,15,9,11,5,15,1,1,10,0,9,8,Down,Up,300,3
Square,MonteCarloStateSingle-Time300,8,3,9,5,8.544003745,10.29563014,9,9,0,0,18,2,9,11,10,10,6,14,9,11,4,16,2,1,10,0,9,9,Right,Right,300,3
Square,MonteCarloStateSingle-Time300,7,1,8,3,7.071067812,8.544003745,9,7,0,0,18,2,7,13,11,9,6,14,10,10,4,16,2,2,11,1,10,10,Right,Up,300,3
Square,MonteCarloStateSingle-Time300,6,-1,8,2,6.08276253,8.246211251,9,5,0,0,18,2,5,15,12,8,6,14,10,10,3,17,4,3,12,1,10,11,Up,Right,300,3
Square,MonteCarloStateSingle-Time300,6,-2,7,0,6.32455532,7,9,3,0,0,18,2,3,17,12,8,5,15,11,9,3,17,2,3,12,2,11,12,Up,Up,300,3
Square,MonteCarloStateSingle-Time300,5,-2,6,0,5.385164807,6,8,2,0,0,17,3,2,18,12,8,4,16,11,9,2,18,2,3,12,2,11,13,Right,Up,300,3
Square,MonteCarloStateSingle-Time300,2,-2,4,1,2.828427125,4.123105626,6,2,-1,0,15,5,2,18,13,7,4,16,11,9,1,19,4,4,13,2,11,14,Up,Up,300,3
Square,MonteCarloStateSingle-Time300,0,-1,2,2,1,2.828427125,4,2,1,1,13,7,2,18,13,7,3,17,11,9,0,20,4,4,13,2,11,15,Up,Right,300,3
Square,MonteCarloStateSingle-Time300,1,12,-2,12,12.04159458,12.16552506,0,17,12,-6,9,11,17,3,8,12,5,15,11,9,5,15,3,-1,8,2,11,1,Down,Down,300,3
Square,MonteCarloStateSingle-Time300,1,9,-2,9,9.055385138,9.219544457,0,15,9,-4,9,11,15,5,8,12,6,14,11,9,6,14,3,-1,8,2,11,2,Down,Down,300,3
Square,MonteCarloStateSingle-Time300,1,6,-2,6,6.08276253,6.32455532,0,13,6,-3,9,11,13,7,8,12,7,13,11,9,7,13,3,-1,8,2,11,3,Right,Left,300,3
Square,MonteCarloStateSingle-Time300,0,4,-1,4,4,4.123105626,0,11,1,-4,9,11,11,9,9,11,7,13,10,10,7,13,1,0,9,1,10,4,Down,Left,300,3
Square,MonteCarloStateSingle-Time300,2,3,2,4,3.605551275,4.472135955,2,11,1,2,11,9,11,9,9,11,8,12,9,11,7,13,1,0,9,0,9,5,Right,Right,300,3
Square,MonteCarloStateSingle-Time300,3,3,3,4,4.242640687,5,4,11,1,1,13,7,11,9,10,10,8,12,10,10,7,13,1,1,10,1,10,6,Up,Right,300,3
Square,MonteCarloStateSingle-Time300,5,4,4,4,6.403124237,5.656854249,6,11,0,1,15,5,11,9,10,10,7,13,11,9,7,13,1,1,10,2,11,7,Up,Down,300,3
Square,MonteCarloStateSingle-Time300,7,5,6,3,8.602325267,6.708203932,8,11,0,0,17,3,11,9,10,10,6,14,11,9,8,12,2,1,10,2,11,8,Right,Right,300,3
Square,MonteCarloStateSingle-Time300,7,4,6,2,8.062257748,6.32455532,9,10,0,0,18,2,10,10,11,9,6,14,12,8,8,12,2,2,11,3,12,9,Right,Up,300,3
Square,MonteCarloStateSingle-Time300,6,2,6,1,6.32455532,6.08276253,9,8,0,0,18,2,8,12,12,8,6,14,12,8,7,13,1,3,12,3,12,10,Right,Up,300,3
Square,MonteCarloStateSingle-Time300,5,0,6,0,5,6,9,6,0,0,18,2,6,14,13,7,6,14,12,8,6,14,1,4,13,3,12,11,Right,Right,300,3
Square,MonteCarloStateSingle-Time300,4,-2,5,-2,4.472135955,5.385164807,9,4,0,0,18,2,4,16,14,6,6,14,13,7,6,14,1,5,14,4,13,12,Up,Up,300,3
Square,MonteCarloStateSingle-Time300,4,-3,5,-3,5,5.830951895,9,2,0,0,18,2,2,18,14,6,5,15,13,7,5,15,1,5,14,4,13,13,Up,Right,300,3
Square,MonteCarloStateSingle-Time300,2,-2,2,-3,2.828427125,3.605551275,7,2,-1,-1,16,4,2,18,14,6,4,16,14,6,5,15,1,5,14,5,14,14,Up,Up,300,3
Square,MonteCarloStateSingle-Time300,0,-1,0,-2,1,2,5,2,1,1,14,6,2,18,14,6,3,17,14,6,4,16,1,5,14,5,14,15,Up,Right,300,3
Square,MonteCarloStateSingle-Time300,0,14,-3,14,14,14.31782106,-1,19,1,-4,8,12,19,1,8,12,5,15,11,9,5,15,3,-1,8,2,11,0,Down,Left,300,3
Square,MonteCarloStateSingle-Time300,0,11,-2,12,11,12.16552506,-1,17,1,-6,8,12,17,3,8,12,6,14,10,10,5,15,2,-1,8,1,10,1,Down,Left,300,3
Square,MonteCarloStateSingle-Time300,0,8,-1,10,8,10.04987562,-1,15,1,-10,8,12,15,5,8,12,7,13,9,11,5,15,2,-1,8,0,9,2,Down,Left,300,3
Square,MonteCarloStateSingle-Time300,0,5,0,8,5,8,-1,13,1,1,8,12,13,7,8,12,8,12,8,12,5,15,3,-1,8,-1,8,3,Right,Left,300,3
Square,MonteCarloStateSingle-Time300,-1,3,1,6,3.16227766,6.08276253,-1,11,-3,6,8,12,11,9,9,11,8,12,7,13,5,15,4,0,9,-2,7,4,Up,Up,300,3
Square,MonteCarloStateSingle-Time300,-2,3,0,6,3.605551275,6,-2,10,-1,1,7,13,10,10,9,11,7,13,7,13,4,16,4,0,9,-2,7,5,Up,Up,300,3
Square,MonteCarloStateSingle-Time300,-4,4,-2,7,5.656854249,7.280109889,-4,10,-1,-3,5,15,10,10,9,11,6,14,7,13,3,17,4,0,9,-2,7,6,Left,Left,300,3
Square,MonteCarloStateSingle-Time300,-5,4,-3,7,6.403124237,7.615773106,-6,10,0,-2,3,17,10,10,8,12,6,14,6,14,3,17,4,-1,8,-3,6,7,Down,Up,300,3
Square,MonteCarloStateSingle-Time300,-6,2,-4,7,6.32455532,8.062257748,-7,9,0,-1,2,18,9,11,8,12,7,13,6,14,2,18,5,-1,8,-3,6,8,Up,Up,300,3
Square,MonteCarloStateSingle-Time300,-6,1,-4,6,6.08276253,7.211102551,-7,7,0,-1,2,18,7,13,8,12,6,14,6,14,1,19,5,-1,8,-3,6,9,Up,Left,300,3
Square,MonteCarloStateSingle-Time300,-6,0,-3,4,6,5,-7,5,0,-1,2,18,5,15,8,12,5,15,5,15,1,19,5,-1,8,-4,5,10,Up,Left,300,3
Square,MonteCarloStateSingle-Time300,-6,-1,-2,2,6.08276253,2.828427125,-7,3,0,-1,2,18,3,17,8,12,4,16,4,16,1,19,5,-1,8,-5,4,11,Up,Left,300,3
Square,MonteCarloStateSingle-Time300,-5,-1,0,1,5.099019514,1,-6,2,0,1,3,17,2,18,8,12,3,17,3,17,1,19,5,-1,8,-6,3,12,Left,Down,300,3
Square,MonteCarloStateSingle-Time300,0,14,-3,14,14,14.31782106,-1,19,1,-4,8,12,19,1,8,12,5,15,11,9,5,15,3,-1,8,2,11,0,Down,Down,300,3
Square,MonteCarloStateSingle-Time300,0,11,-3,11,11,11.40175425,-1,17,1,-3,8,12,17,3,8,12,6,14,11,9,6,14,3,-1,8,2,11,1,Left,Down,300,3
Square,MonteCarloStateSingle-Time300,1,9,-3,8,9.055385138,8.544003745,-1,15,9,-2,8,12,15,5,7,13,6,14,11,9,7,13,4,-2,7,2,11,2,Right,Left,300,3
Square,MonteCarloStateSingle-Time300,0,7,-2,6,7,6.32455532,-1,13,1,-3,8,12,13,7,8,12,6,14,10,10,7,13,2,-1,8,1,10,3,Left,Left,300,3
Square,MonteCarloStateSingle-Time300,1,5,-1,4,5.099019514,4.123105626,-1,11,5,-4,8,12,11,9,7,13,6,14,9,11,7,13,2,-2,7,0,9,4,Left,Down,300,3
Square,MonteCarloStateSingle-Time300,0,5,-3,3,5,4.242640687,-3,11,1,-1,6,14,11,9,6,14,6,14,9,11,8,12,4,-3,6,0,9,5,Left,Up,300,3
Square,MonteCarloStateSingle-Time300,-1,5,-5,4,5.099019514,6.403124237,-5,11,-5,0,4,16,11,9,5,15,6,14,9,11,7,13,4,-4,5,0,9,6,Left,Left,300,3
Square,MonteCarloStateSingle-Time300,-2,5,-6,4,5.385164807,7.211102551,-7,11,-2,0,2,18,11,9,4,16,6,14,8,12,7,13,4,-5,4,-1,8,7,Down,Up,300,3
Square,MonteCarloStateSingle-Time300,-2,2,-6,3,2.828427125,6.708203932,-7,9,-1,0,2,18,9,11,4,16,7,13,8,12,6,14,4,-5,4,-1,8,8,Left,Left,300,3
Square,MonteCarloStateSingle-Time300,-1,0,-5,1,1,5.099019514,-7,7,0,0,2,18,7,13,3,17,7,13,7,13,6,14,4,-6,3,-2,7,9,Left,Left,300,3
Square,MonteCarloStateSingle-Time300,1,14,-2,14,14.03566885,14.14213562,0,19,14,-7,9,11,19,1,8,12,5,15,11,9,5,15,3,-1,8,2,11,0,Down,Left,300,3
Square,MonteCarloStateSingle-Time300,1,11,-1,12,11.04536102,12.04159458,0,17,11,-12,9,11,17,3,8,12,6,14,10,10,5,15,2,-1,8,1,10,1,Down,Left,300,3
Square,MonteCarloStateSingle-Time300,1,8,0,10,8.062257748,10,0,15,8,1,9,11,15,5,8,12,7,13,9,11,5,15,2,-1,8,0,9,2,Down,Left,300,3
Square,MonteCarloStateSingle-Time300,1,5,1,8,5.099019514,8.062257748,0,13,5,8,9,11,13,7,8,12,8,12,8,12,5,15,3,-1,8,-1,8,3,Right,Up,300,3
Square,MonteCarloStateSingle-Time300,0,3,1,7,3,7.071067812,0,11,1,7,9,11,11,9,9,11,8,12,8,12,4,16,4,0,9,-1,8,4,Up,Up,300,3
Square,MonteCarloStateSingle-Time300,1,3,2,7,3.16227766,7.280109889,1,10,3,3,10,10,10,10,9,11,7,13,8,12,3,17,4,0,9,-1,8,5,Right,Up,300,3
Square,MonteCarloStateSingle-Time300,2,3,4,8,3.605551275,8.94427191,3,10,1,2,12,8,10,10,10,10,7,13,8,12,2,18,5,1,10,-1,8,6,Up,Up,300,3
Square,MonteCarloStateSingle-Time300,4,4,6,9,5.656854249,10.81665383,5,10,1,1,14,6,10,10,10,10,6,14,8,12,1,19,5,1,10,-1,8,7,Up,Up,300,3
Square,MonteCarloStateSingle-Time300,6,5,8,10,7.810249676,12.80624847,7,10,0,1,16,4,10,10,10,10,5,15,8,12,0,20,5,1,10,-1,8,8,Right,Right,300,3
Square,MonteCarloStateSingle-Time300,7,5,9,10,8.602325267,13.45362405,9,10,0,1,18,2,10,10,11,9,5,15,9,11,0,20,5,2,11,0,9,9,Down,Down,300,3
Square,MonteCarloStateSingle-Time300,7,2,9,7,7.280109889,11.40175425,9,8,0,0,18,2,8,12,11,9,6,14,9,11,1,19,5,2,11,0,9,10,Up,Right,300,3
Square,MonteCarloStateSingle-Time300,7,1,8,5,7.071067812,9.433981132,9,6,0,0,18,2,6,14,11,9,5,15,10,10,1,19,4,2,11,1,10,11,Up,Right,300,3
Square,MonteCarloStateSingle-Time300,7,0,7,3,7,7.615773106,9,4,0,0,18,2,4,16,11,9,4,16,11,9,1,19,3,2,11,2,11,12,Up,Up,300,3
Square,MonteCarloStateSingle-Time300,7,-1,7,2,7.071067812,7.280109889,9,2,0,0,18,2,2,18,11,9,3,17,11,9,0,20,3,2,11,2,11,13,Right,Up,300,3
Square,MonteCarloStateSingle-Time300,4,-1,5,2,4.123105626,5.385164807,7,2,0,0,16,4,2,18,12,8,3,17,11,9,0,20,3,3,12,2,11,14,Up,Up,300,3
Square,MonteCarloStateSingle-Time300,2,0,3,2,2,3.605551275,5,2,0,0,14,6,2,18,12,8,2,18,11,9,0,20,2,3,12,2,11,15,Up,Up,300,3
Square,MonteCarloStateSingle-Time300,0,1,1,2,1,2.236067977,3,2,1,2,12,8,2,18,12,8,1,19,11,9,0,20,1,3,12,2,11,16,Down,Left,300,3
Square,MonteCarloStateSingle-Time300,1,12,-2,12,12.04159458,12.16552506,0,17,12,-6,9,11,17,3,8,12,5,15,11,9,5,15,3,-1,8,2,11,1,Right,Left,300,3
Square,MonteCarloStateSingle-Time300,0,10,-1,10,10,10.04987562,0,15,1,-10,9,11,15,5,9,11,5,15,10,10,5,15,1,0,9,1,10,2,Left,Down,300,3
Square,MonteCarloStateSingle-Time300,1,8,-1,7,8.062257748,7.071067812,0,13,8,-7,9,11,13,7,8,12,5,15,10,10,6,14,2,-1,8,1,10,3,Right,Left,300,3
Square,MonteCarloStateSingle-Time300,0,6,0,5,6,5,0,11,1,1,9,11,11,9,9,11,5,15,9,11,6,14,1,0,9,0,9,4,Down,Left,300,3
Square,MonteCarloStateSingle-Time300,0,3,1,3,3,3.16227766,0,9,1,3,9,11,9,11,9,11,6,14,8,12,6,14,1,0,9,-1,8,5,Up,Up,300,3
Square,MonteCarloStateSingle-Time300,1,3,2,3,3.16227766,3.605551275,1,8,3,1,10,10,8,12,9,11,5,15,8,12,5,15,1,0,9,-1,8,6,Up,Up,300,3
Square,MonteCarloStateSingle-Time300,3,4,4,4,5,5.656854249,3,8,1,1,12,8,8,12,9,11,4,16,8,12,4,16,1,0,9,-1,8,7,Right,Right,300,3
Square,MonteCarloStateSingle-Time300,4,4,5,4,5.656854249,6.403124237,5,8,1,0,14,6,8,12,10,10,4,16,9,11,4,16,1,1,10,0,9,8,Up,Up,300,3
Square,MonteCarloStateSingle-Time300,6,5,7,5,7.810249676,8.602325267,7,8,0,0,16,4,8,12,10,10,3,17,9,11,3,17,1,1,10,0,9,9,Down,Down,300,3
Square,MonteCarloStateSingle-Time300,8,4,9,4,8.94427191,9.848857802,9,8,0,0,18,2,8,12,10,10,4,16,9,11,4,16,1,1,10,0,9,10,Down,Down,300,3
Square,MonteCarloStateSingle-Time300,8,1,9,1,8.062257748,9.055385138,9,6,0,0,18,2,6,14,10,10,5,15,9,11,5,15,1,1,10,0,9,11,Right,Right,300,3
Square,MonteCarloStateSingle-Time300,7,-1,8,-1,7.071067812,8.062257748,9,4,0,0,18,2,4,16,11,9,5,15,10,10,5,15,1,2,11,1,10,12,Right,Up,300,3
Square,MonteCarloStateSingle-Time300,6,-3,8,-2,6.708203932,8.246211251,9,2,0,0,18,2,2,18,12,8,5,15,10,10,4,16,2,3,12,1,10,13,Right,Up,300,3
Square,MonteCarloStateSingle-Time300,3,-3,6,-1,4.242640687,6.08276253,7,2,-1,0,16,4,2,18,13,7,5,15,10,10,3,17,4,4,13,1,10,14,Up,Up,300,3
Square,MonteCarloStateSingle-Time300,1,-2,4,0,2.236067977,4,5,2,-2,0,14,6,2,18,13,7,4,16,10,10,2,18,4,4,13,1,10,15,Right,Right,300,3
Square,MonteCarloStateSingle-Time300,-2,-2,1,0,2.828427125,1,3,2,1,0,12,8,2,18,14,6,4,16,11,9,2,18,4,5,14,2,11,16,Up,Right,300,3
Square,MonteCarloStateSingle-Time300,1,12,-2,12,12.04159458,12.16552506,0,17,12,-6,9,11,17,3,8,12,5,15,11,9,5,15,3,-1,8,2,11,1,Down,Left,300,3
Square,MonteCarloStateSingle-Time300,1,9,-1,10,9.055385138,10.04987562,0,15,9,-10,9,11,15,5,8,12,6,14,10,10,5,15,2,-1,8,1,10,2,Down,Down,300,3
Square,MonteCarloStateSingle-Time300,1,6,-1,7,6.08276253,7.071067812,0,13,6,-7,9,11,13,7,8,12,7,13,10,10,6,14,2,-1,8,1,10,3,Right,Down,300,3
Square,MonteCarloStateSingle-Time300,0,4,-1,4,4,4.123105626,0,11,1,-4,9,11,11,9,9,11,7,13,10,10,7,13,1,0,9,1,10,4,Up,Up,300,3
Square,MonteCarloStateSingle-Time300,0,3,-1,3,3,3.16227766,0,9,1,-3,9,11,9,11,9,11,6,14,10,10,6,14,1,0,9,1,10,5,Up,Up,300,3
Square,MonteCarloStateSingle-Time300,1,3,0,3,3.16227766,3,1,8,3,1,10,10,8,12,9,11,5,15,10,10,5,15,1,0,9,1,10,6,Up,Up,300,3
Square,MonteCarloStateSingle-Time300,3,4,2,4,5,4.472135955,3,8,1,2,12,8,8,12,9,11,4,16,10,10,4,16,1,0,9,1,10,7,Right,Up,300,3
Square,MonteCarloStateSingle-Time300,4,4,4,5,5.656854249,6.403124237,5,8,1,1,14,6,8,12,10,10,4,16,10,10,3,17,1,1,10,1,10,8,Down,Up,300,3
Square,MonteCarloStateSingle-Time300,6,3,6,6,6.708203932,8.485281374,7,8,0,1,16,4,8,12,10,10,5,15,10,10,2,18,3,1,10,1,10,9,Right,Right,300,3
Square,MonteCarloStateSingle-Time300,7,3,7,6,7.615773106,9.219544457,9,8,0,0,18,2,8,12,11,9,5,15,11,9,2,18,3,2,11,2,11,10,Right,Up,300,3
Square,MonteCarloStateSingle-Time300,6,1,7,5,6.08276253,8.602325267,9,6,0,0,18,2,6,14,12,8,5,15,11,9,1,19,4,3,12,2,11,11,Right,Right,300,3
Square,MonteCarloStateSingle-Time300,5,-1,6,3,5.099019514,6.708203932,9,4,0,0,18,2,4,16,13,7,5,15,12,8,1,19,4,4,13,3,12,12,Up,Right,300,3
Square,MonteCarloStateSingle-Time300,5,-2,5,1,5.385164807,5.099019514,9,2,0,0,18,2,2,18,13,7,4,16,13,7,1,19,3,4,13,4,13,13,Right,Right,300,3
Square,MonteCarloStateSingle-Time300,2,-2,2,1,2.828427125,2.236067977,7,2,-1,0,16,4,2,18,14,6,4,16,14,6,1,19,3,5,14,5,14,14,Up,Up,300,3
Square,MonteCarloStateSingle-Time300,0,-1,0,2,1,2,5,2,1,1,14,6,2,18,14,6,3,17,14,6,0,20,3,5,14,5,14,15,Up,Left,300,3
Square,MonteCarloStateSingle-Time300,2,14,-1,14,14.14213562,14.03566885,1,19,7,-14,10,10,19,1,8,12,5,15,11,9,5,15,3,-1,8,2,11,0,Down,Left,300,3
Square,MonteCarloStateSingle-Time300,2,11,0,12,11.18033989,12,1,17,5,1,10,10,17,3,8,12,6,14,10,10,5,15,2,-1,8,1,10,1,Down,Left,300,3
Square,MonteCarloStateSingle-Time300,2,8,1,10,8.246211251,10.04987562,1,15,4,10,10,10,15,5,8,12,7,13,9,11,5,15,2,-1,8,0,9,2,Right,Down,300,3
Square,MonteCarloStateSingle-Time300,1,6,1,7,6.08276253,7.071067812,1,13,6,7,10,10,13,7,9,11,7,13,9,11,6,14,1,0,9,0,9,3,Right,Down,300,3
Square,MonteCarloStateSingle-Time300,0,4,1,4,4,4.123105626,1,11,1,4,10,10,11,9,10,10,7,13,9,11,7,13,1,1,10,0,9,4,Left,Down,300,3
Square,MonteCarloStateSingle-Time300,3,4,3,3,5,4.242640687,3,11,1,1,12,8,11,9,9,11,7,13,9,11,8,12,1,0,9,0,9,5,Right,Right,300,3
Square,MonteCarloStateSingle-Time300,4,4,4,3,5.656854249,5,5,11,1,0,14,6,11,9,10,10,7,13,10,10,8,12,1,1,10,1,10,6,Up,Up,300,3
Square,MonteCarloStateSingle-Time300,6,5,6,4,7.810249676,7.211102551,7,11,0,0,16,4,11,9,10,10,6,14,10,10,7,13,1,1,10,1,10,7,Down,Up,300,3
Square,MonteCarloStateSingle-Time300,8,4,8,5,8.94427191,9.433981132,9,11,0,0,18,2,11,9,10,10,7,13,10,10,6,14,1,1,10,1,10,8,Up,Right,300,3
Square,MonteCarloStateSingle-Time300,8,3,7,3,8.544003745,7.615773106,9,9,0,0,18,2,9,11,10,10,6,14,11,9,6,14,1,1,10,2,11,9,Right,Down,300,3
Square,MonteCarloStateSingle-Time300,7,1,7,0,7.071067812,7,9,7,0,0,18,2,7,13,11,9,6,14,11,9,7,13,1,2,11,2,11,10,Up,Up,300,3
Square,MonteCarloStateSingle-Time300,7,0,7,-1,7,7.071067812,9,5,0,0,18,2,5,15,11,9,5,15,11,9,6,14,1,2,11,2,11,11,Up,Up,300,3
Square,MonteCarloStateSingle-Time300,7,-1,7,-2,7.071067812,7.280109889,9,3,0,0,18,2,3,17,11,9,4,16,11,9,5,15,1,2,11,2,11,12,Right,Up,300,3
Square,MonteCarloStateSingle-Time300,5,-2,6,-2,5.385164807,6.32455532,8,2,0,0,17,3,2,18,12,8,4,16,11,9,4,16,1,3,12,2,11,13,Up,Up,300,3
Square,MonteCarloStateSingle-Time300,3,-1,4,-1,3.16227766,4.123105626,6,2,0,0,15,5,2,18,12,8,3,17,11,9,3,17,1,3,12,2,11,14,Right,Up,300,3
Square,MonteCarloStateSingle-Time300,0,-1,2,0,1,2,4,2,1,0,13,7,2,18,13,7,3,17,11,9,2,18,2,4,13,2,11,15,Up,Left,300,3
Square,MonteCarloStateSingle-Time300,1,12,-2,12,12.04159458,12.16552506,0,17,12,-6,9,11,17,3,8,12,5,15,11,9,5,15,3,-1,8,2,11,1,Down,Down,300,3
Square,MonteCarloStateSingle-Time300,1,9,-2,9,9.055385138,9.219544457,0,15,9,-4,9,11,15,5,8,12,6,14,11,9,6,14,3,-1,8,2,11,2,Right,Left,300,3
Square,MonteCarloStateSingle-Time300,0,7,-1,7,7,7.071067812,0,13,1,-7,9,11,13,7,9,11,6,14,10,10,6,14,1,0,9,1,10,3,Down,Down,300,3
Square,MonteCarloStateSingle-Time300,0,4,-1,4,4,4.123105626,0,11,1,-4,9,11,11,9,9,11,7,13,10,10,7,13,1,0,9,1,10,4,Down,Left,300,3
Square,MonteCarloStateSingle-Time300,2,3,2,4,3.605551275,4.472135955,2,11,1,2,11,9,11,9,9,11,8,12,9,11,7,13,1,0,9,0,9,5,Up,Right,300,3
Square,MonteCarloStateSingle-Time300,4,4,3,4,5.656854249,5,4,11,1,1,13,7,11,9,9,11,7,13,10,10,7,13,1,0,9,1,10,6,Down,Up,300,3
Square,MonteCarloStateSingle-Time300,6,3,5,5,6.708203932,7.071067812,6,11,0,1,15,5,11,9,9,11,8,12,10,10,6,14,2,0,9,1,10,7,Right,Up,300,3
Square,MonteCarloStateSingle-Time300,7,3,7,6,7.615773106,9.219544457,8,11,0,0,17,3,11,9,10,10,8,12,10,10,5,15,3,1,10,1,10,8,Right,Up,300,3
Square,MonteCarloStateSingle-Time300,7,2,8,6,7.280109889,10,9,10,0,0,18,2,10,10,11,9,8,12,10,10,4,16,4,2,11,1,10,9,Up,Up,300,3
Square,MonteCarloStateSingle-Time300,7,1,8,5,7.071067812,9.433981132,9,8,0,0,18,2,8,12,11,9,7,13,10,10,3,17,4,2,11,1,10,10,Right,Right,300,3
Square,MonteCarloStateSingle-Time300,6,-1,7,3,6.08276253,7.615773106,9,6,0,0,18,2,6,14,12,8,7,13,11,9,3,17,4,3,12,2,11,11,Up,Down,300,3
Square,MonteCarloStateSingle-Time300,6,-2,7,0,6.32455532,7,9,4,0,0,18,2,4,16,12,8,6,14,11,9,4,16,2,3,12,2,11,12,Right,Up,300,3
Square,MonteCarloStateSingle-Time300,5,-4,7,-1,6.403124237,7.071067812,9,2,0,0,18,2,2,18,13,7,6,14,11,9,3,17,4,4,13,2,11,13,Up,Up,300,3
Square,MonteCarloStateSingle-Time300,3,-3,5,0,4.242640687,5,7,2,-1,0,16,4,2,18,13,7,5,15,11,9,2,18,4,4,13,2,11,14,Up,Up,300,3
Square,MonteCarloStateSingle-Time300,1,-2,3,1,2.236067977,3.16227766,5,2,-2,0,14,6,2,18,13,7,4,16,11,9,1,19,4,4,13,2,11,15,Right,Right,300,3
Square,MonteCarloStateSingle-Time300,-2,-2,0,1,2.828427125,1,3,2,1,1,12,8,2,18,14,6,4,16,12,8,1,19,4,5,14,3,12,16,Up,Down,300,3
Square,MonteCarloStateSingle-Time300,1,12,-2,12,12.04159458,12.16552506,0,17,12,-6,9,11,17,3,8,12,5,15,11,9,5,15,3,-1,8,2,11,1,Down,Down,300,3
Square,MonteCarloStateSingle-Time300,1,9,-2,9,9.055385138,9.219544457,0,15,9,-4,9,11,15,5,8,12,6,14,11,9,6,14,3,-1,8,2,11,2,Right,Down,300,3
Square,MonteCarloStateSingle-Time300,0,7,-2,6,7,6.32455532,0,13,1,-3,9,11,13,7,9,11,6,14,11,9,7,13,2,0,9,2,11,3,Down,Down,300,3
Square,MonteCarloStateSingle-Time300,0,4,-2,3,4,3.605551275,0,11,1,-1,9,11,11,9,9,11,7,13,11,9,8,12,2,0,9,2,11,4,Up,Left,300,3
Square,MonteCarloStateSingle-Time300,2,5,1,3,5.385164807,3.16227766,2,11,2,3,11,9,11,9,9,11,6,14,10,10,8,12,2,0,9,1,10,5,Down,Up,300,3
Square,MonteCarloStateSingle-Time300,4,4,3,4,5.656854249,5,4,11,1,1,13,7,11,9,9,11,7,13,10,10,7,13,1,0,9,1,10,6,Up,Right,300,3
Square,MonteCarloStateSingle-Time300,6,5,4,4,7.810249676,5.656854249,6,11,0,1,15,5,11,9,9,11,6,14,11,9,7,13,2,0,9,2,11,7,Right,Down,300,3
Square,MonteCarloStateSingle-Time300,7,5,6,3,8.602325267,6.708203932,8,11,0,0,17,3,11,9,10,10,6,14,11,9,8,12,2,1,10,2,11,8,Up,Right,300,3
Square,MonteCarloStateSingle-Time300,8,5,6,2,9.433981132,6.32455532,9,10,0,0,18,2,10,10,10,10,5,15,12,8,8,12,4,1,10,3,12,9,Right,Right,300,3
Square,MonteCarloStateSingle-Time300,7,3,5,0,7.615773106,5,9,8,0,0,18,2,8,12,11,9,5,15,13,7,8,12,4,2,11,4,13,10,Right,Up,300,3
Square,MonteCarloStateSingle-Time300,6,1,5,-1,6.08276253,5.099019514,9,6,0,0,18,2,6,14,12,8,5,15,13,7,7,13,2,3,12,4,13,11,Right,Right,300,3
Square,MonteCarloStateSingle-Time300,5,-1,4,-3,5.099019514,5,9,4,0,0,18,2,4,16,13,7,5,15,14,6,7,13,2,4,13,5,14,12,Right,Up,300,3
Square,MonteCarloStateSingle-Time300,4,-3,4,-4,5,5.656854249,9,2,0,-1,18,2,2,18,14,6,5,15,14,6,6,14,1,5,14,5,14,13,Up,Up,300,3
Square,MonteCarloStateSingle-Time300,2,-2,2,-3,2.828427125,3.605551275,7,2,-1,-1,16,4,2,18,14,6,4,16,14,6,5,15,1,5,14,5,14,14,Up,Up,300,3
Square,MonteCarloStateSingle-Time300,0,-1,0,-2,1,2,5,2,1,1,14,6,2,18,14,6,3,17,14,6,4,16,1,5,14,5,14,15,Up,Right,300,3
Square,MonteCarloStateSingle-Time300,1,14,-2,14,14.03566885,14.14213562,0,19,14,-7,9,11,19,1,8,12,5,15,11,9,5,15,3,-1,8,2,11,0,Down,Left,300,3
Square,MonteCarloStateSingle-Time300,1,11,-1,12,11.04536102,12.04159458,0,17,11,-12,9,11,17,3,8,12,6,14,10,10,5,15,2,-1,8,1,10,1,Down,Down,300,3
Square,MonteCarloStateSingle-Time300,1,8,-1,9,8.062257748,9.055385138,0,15,8,-9,9,11,15,5,8,12,7,13,10,10,6,14,2,-1,8,1,10,2,Down,Left,300,3
Square,MonteCarloStateSingle-Time300,1,5,0,7,5.099019514,7,0,13,5,1,9,11,13,7,8,12,8,12,9,11,6,14,2,-1,8,0,9,3,Right,Right,300,3
Square,MonteCarloStateSingle-Time300,0,3,-1,5,3,5.099019514,0,11,1,-5,9,11,11,9,9,11,8,12,10,10,6,14,2,0,9,1,10,4,Up,Up,300,3
Square,MonteCarloStateSingle-Time300,-1,3,-2,5,3.16227766,5.385164807,-1,10,-3,-2,8,12,10,10,9,11,7,13,10,10,5,15,2,0,9,1,10,5,Up,Left,300,3
Square,MonteCarloStateSingle-Time300,-3,4,-3,5,5,5.830951895,-3,10,-1,-1,6,14,10,10,9,11,6,14,9,11,5,15,1,0,9,0,9,6,Down,Left,300,3
Square,MonteCarloStateSingle-Time300,-5,3,-4,5,5.830951895,6.403124237,-5,10,0,-1,4,16,10,10,9,11,7,13,8,12,5,15,2,0,9,-1,8,7,Up,Up,300,3
Square,MonteCarloStateSingle-Time300,-7,4,-6,6,8.062257748,8.485281374,-7,10,0,-1,2,18,10,10,9,11,6,14,8,12,4,16,2,0,9,-1,8,8,Left,Down,300,3
Square,MonteCarloStateSingle-Time300,-6,2,-6,3,6.32455532,6.708203932,-7,8,0,0,2,18,8,12,8,12,6,14,8,12,5,15,1,-1,8,-1,8,9,Left,Left,300,3
Square,MonteCarloStateSingle-Time300,-5,0,-5,1,5,5.099019514,-7,6,0,0,2,18,6,14,7,13,6,14,7,13,5,15,1,-2,7,-2,7,10,Up,Left,300,3
Square,MonteCarloStateSingle-Time300,-5,-1,-4,-1,5.099019514,4.123105626,-7,4,0,0,2,18,4,16,7,13,5,15,6,14,5,15,1,-2,7,-3,6,11,Left,Left,300,3
Square,MonteCarloStateSingle-Time300,-4,-3,-3,-3,5,4.242640687,-7,2,0,1,2,18,2,18,6,14,5,15,5,15,5,15,1,-3,6,-4,5,12,Up,Up,300,3
Square,MonteCarloStateSingle-Time300,-2,-2,-1,-2,2.828427125,2.236067977,-5,2,1,2,4,16,2,18,6,14,4,16,5,15,4,16,1,-3,6,-4,5,13,Up,Up,300,3
Square,MonteCarloStateSingle-Time300,0,-1,1,-1,1,1.414213562,-3,2,1,-1,6,14,2,18,6,14,3,17,5,15,3,17,1,-3,6,-4,5,14,Up,Left,300,3
Square,MonteCarloStateSingle-Time300,0,14,-3,14,14,14.31782106,-1,19,1,-4,8,12,19,1,8,12,5,15,11,9,5,15,3,-1,8,2,11,0,Left,Down,300,3
Square,MonteCarloStateSingle-Time300,1,12,-3,11,12.04159458,11.40175425,-1,17,12,-3,8,12,17,3,7,13,5,15,11,9,6,14,4,-2,7,2,11,1,Right,Down,300,3
Square,MonteCarloStateSingle-Time300,0,10,-3,8,10,8.544003745,-1,15,1,-2,8,12,15,5,8,12,5,15,11,9,7,13,4,-1,8,2,11,2,Down,Left,300,3
Square,MonteCarloStateSingle-Time300,0,7,-2,6,7,6.32455532,-1,13,1,-3,8,12,13,7,8,12,6,14,10,10,7,13,2,-1,8,1,10,3,Left,Left,300,3
Square,MonteCarloStateSingle-Time300,1,5,-1,4,5.099019514,4.123105626,-1,11,5,-4,8,12,11,9,7,13,6,14,9,11,7,13,2,-2,7,0,9,4,Right,Left,300,3
Square,MonteCarloStateSingle-Time300,-1,4,-1,3,4.123105626,3.16227766,-2,10,-4,-3,7,13,10,10,8,12,6,14,8,12,7,13,1,-1,8,-1,8,5,Down,Down,300,3
Square,MonteCarloStateSingle-Time300,-3,3,-3,2,4.242640687,3.605551275,-4,10,-1,0,5,15,10,10,8,12,7,13,8,12,8,12,1,-1,8,-1,8,6,Up,Up,300,3
Square,MonteCarloStateSingle-Time300,-5,4,-5,3,6.403124237,5.830951895,-6,10,0,0,3,17,10,10,8,12,6,14,8,12,7,13,1,-1,8,-1,8,7,Left,Left,300,3
Square,MonteCarloStateSingle-Time300,-5,3,-5,2,5.830951895,5.385164807,-7,9,0,0,2,18,9,11,7,13,6,14,7,13,7,13,1,-2,7,-2,7,8,Left,Up,300,3
Square,MonteCarloStateSingle-Time300,-4,1,-5,1,4.123105626,5.099019514,-7,7,0,0,2,18,7,13,6,14,6,14,7,13,6,14,1,-3,6,-2,7,9,Up,Left,300,3
Square,MonteCarloStateSingle-Time300,-4,0,-4,-1,4,4.123105626,-7,5,0,0,2,18,5,15,6,14,5,15,6,14,6,14,1,-3,6,-3,6,10,Left,Up,300,3
Square,MonteCarloStateSingle-Time300,-3,-2,-4,-2,3.605551275,4.472135955,-7,3,0,0,2,18,3,17,5,15,5,15,6,14,5,15,1,-4,5,-3,6,11,Up,Left,300,3
Square,MonteCarloStateSingle-Time300,-2,-2,-2,-3,2.828427125,3.605551275,-6,2,1,1,3,17,2,18,5,15,4,16,5,15,5,15,1,-4,5,-4,5,12,Up,Up,300,3
Square,MonteCarloStateSingle-Time300,0,-1,0,-2,1,2,-4,2,1,1,5,15,2,18,5,15,3,17,5,15,4,16,1,-4,5,-4,5,13,Up,Left,300,3
Square,MonteCarloStateSingle-Time300,0,14,-3,14,14,14.31782106,-1,19,1,-4,8,12,19,1,8,12,5,15,11,9,5,15,3,-1,8,2,11,0,Down,Down,300,3
Square,MonteCarloStateSingle-Time300,0,11,-3,11,11,11.40175425,-1,17,1,-3,8,12,17,3,8,12,6,14,11,9,6,14,3,-1,8,2,11,1,Left,Left,300,3
Square,MonteCarloStateSingle-Time300,1,9,-2,9,9.055385138,9.219544457,-1,15,9,-4,8,12,15,5,7,13,6,14,10,10,6,14,3,-2,7,1,10,2,Right,Left,300,3
Square,MonteCarloStateSingle-Time300,0,7,-1,7,7,7.071067812,-1,13,1,-7,8,12,13,7,8,12,6,14,9,11,6,14,1,-1,8,0,9,3,Down,Left,300,3
Square,MonteCarloStateSingle-Time300,0,4,0,5,4,5,-1,11,1,1,8,12,11,9,8,12,7,13,8,12,6,14,1,-1,8,-1,8,4,Up,Up,300,3
Square,MonteCarloStateSingle-Time300,0,3,0,4,3,4,-1,9,1,1,8,12,9,11,8,12,6,14,8,12,5,15,1,-1,8,-1,8,5,Down,Up,300,3
Square,MonteCarloStateSingle-Time300,1,1,1,4,1.414213562,4.123105626,0,8,1,4,9,11,8,12,8,12,7,13,8,12,4,16,3,-1,8,-1,8,6,Up,Up,300,3
Square,MonteCarloStateSingle-Time300,1,0,1,3,1,3.16227766,0,6,0,3,9,11,6,14,8,12,6,14,8,12,3,17,3,-1,8,-1,8,7,Right,Right,300,3
Square,MonteCarloStateSingle-Time300,0,14,-3,14,14,14.31782106,-1,19,1,-4,8,12,19,1,8,12,5,15,11,9,5,15,3,-1,8,2,11,0,Down,Left,300,3
Square,MonteCarloStateSingle-Time300,0,11,-2,12,11,12.16552506,-1,17,1,-6,8,12,17,3,8,12,6,14,10,10,5,15,2,-1,8,1,10,1,Left,Down,300,3
Square,MonteCarloStateSingle-Time300,1,9,-2,9,9.055385138,9.219544457,-1,15,9,-4,8,12,15,5,7,13,6,14,10,10,6,14,3,-2,7,1,10,2,Down,Left,300,3
Square,MonteCarloStateSingle-Time300,1,6,-1,7,6.08276253,7.071067812,-1,13,6,-7,8,12,13,7,7,13,7,13,9,11,6,14,2,-2,7,0,9,3,Down,Down,300,3
Square,MonteCarloStateSingle-Time300,1,3,-1,4,3.16227766,4.123105626,-1,11,3,-4,8,12,11,9,7,13,8,12,9,11,7,13,2,-2,7,0,9,4,Up,Up,300,3
Square,MonteCarloStateSingle-Time300,0,3,-2,4,3,4.472135955,-2,10,1,-2,7,13,10,10,7,13,7,13,9,11,6,14,2,-2,7,0,9,5,Right,Up,300,3
Square,MonteCarloStateSingle-Time300,-3,3,-4,5,4.242640687,6.403124237,-4,10,-1,-1,5,15,10,10,8,12,7,13,9,11,5,15,2,-1,8,0,9,6,Up,Up,300,3
Square,MonteCarloStateSingle-Time300,-5,4,-6,6,6.403124237,8.485281374,-6,10,0,-1,3,17,10,10,8,12,6,14,9,11,4,16,2,-1,8,0,9,7,Up,Down,300,3
Square,MonteCarloStateSingle-Time300,-6,4,-7,4,7.211102551,8.062257748,-7,9,0,0,2,18,9,11,8,12,5,15,9,11,5,15,1,-1,8,0,9,8,Left,Left,300,3
Square,MonteCarloStateSingle-Time300,-5,2,-6,2,5.385164807,6.32455532,-7,7,0,0,2,18,7,13,7,13,5,15,8,12,5,15,1,-2,7,-1,8,9,Left,Up,300,3
Square,MonteCarloStateSingle-Time300,-4,0,-6,1,4,6.08276253,-7,5,0,0,2,18,5,15,6,14,5,15,8,12,4,16,2,-3,6,-1,8,10,Left,Up,300,3
Square,MonteCarloStateSingle-Time300,-3,-2,-6,0,3.605551275,6,-7,3,0,0,2,18,3,17,5,15,5,15,8,12,3,17,4,-4,5,-1,8,11,Up,Left,300,3
Square,MonteCarloStateSingle-Time300,-2,-2,-4,-1,2.828427125,4.123105626,-6,2,1,0,3,17,2,18,5,15,4,16,7,13,3,17,2,-4,5,-2,7,12,Up,Up,300,3
Square,MonteCarloStateSingle-Time300,0,-1,-2,0,1,2,-4,2,1,0,5,15,2,18,5,15,3,17,7,13,2,18,2,-4,5,-2,7,13,Up,Right,300,3
Square,MonteCarloStateSingle-Time300,2,14,-1,14,14.14213562,14.03566885,1,19,7,-14,10,10,19,1,8,12,5,15,11,9,5,15,3,-1,8,2,11,0,Down,Left,300,3
Square,MonteCarloStateSingle-Time300,2,11,0,12,11.18033989,12,1,17,5,1,10,10,17,3,8,12,6,14,10,10,5,15,2,-1,8,1,10,1,Down,Left,300,3
Square,MonteCarloStateSingle-Time300,2,8,1,10,8.246211251,10.04987562,1,15,4,10,10,10,15,5,8,12,7,13,9,11,5,15,2,-1,8,0,9,2,Right,Down,300,3
Square,MonteCarloStateSingle-Time300,1,6,1,7,6.08276253,7.071067812,1,13,6,7,10,10,13,7,9,11,7,13,9,11,6,14,1,0,9,0,9,3,Right,Right,300,3
Square,MonteCarloStateSingle-Time300,0,4,0,5,4,5,1,11,1,1,10,10,11,9,10,10,7,13,10,10,6,14,1,1,10,1,10,4,Left,Up,300,3
Square,MonteCarloStateSingle-Time300,0,3,-1,5,3,5.099019514,0,10,1,-5,9,11,10,10,9,11,7,13,10,10,5,15,2,0,9,1,10,5,Up,Left,300,3
Square,MonteCarloStateSingle-Time300,-2,4,-2,5,4.472135955,5.385164807,-2,10,-2,-2,7,13,10,10,9,11,6,14,9,11,5,15,1,0,9,0,9,6,Up,Up,300,3
Square,MonteCarloStateSingle-Time300,-4,5,-4,6,6.403124237,7.211102551,-4,10,-1,-1,5,15,10,10,9,11,5,15,9,11,4,16,1,0,9,0,9,7,Left,Left,300,3
Square,MonteCarloStateSingle-Time300,-5,5,-5,6,7.071067812,7.810249676,-6,10,-1,-1,3,17,10,10,8,12,5,15,8,12,4,16,1,-1,8,-1,8,8,Left,Down,300,3
Square,MonteCarloStateSingle-Time300,-5,4,-6,4,6.403124237,7.211102551,-7,9,0,0,2,18,9,11,7,13,5,15,8,12,5,15,1,-2,7,-1,8,9,Down,Up,300,3
Square,MonteCarloStateSingle-Time300,-5,1,-6,3,5.099019514,6.708203932,-7,7,0,0,2,18,7,13,7,13,6,14,8,12,4,16,2,-2,7,-1,8,10,Left,Up,300,3
Square,MonteCarloStateSingle-Time300,-4,-1,-6,2,4.123105626,6.32455532,-7,5,0,0,2,18,5,15,6,14,6,14,8,12,3,17,4,-3,6,-1,8,11,Up,Left,300,3
Square,MonteCarloStateSingle-Time300,-4,-2,-5,0,4.472135955,5,-7,3,0,0,2,18,3,17,6,14,5,15,7,13,3,17,2,-3,6,-2,7,12,Left,Left,300,3
Square,MonteCarloStateSingle-Time300,-2,-3,-3,-1,3.605551275,3.16227766,-6,2,1,0,3,17,2,18,5,15,5,15,6,14,3,17,2,-4,5,-3,6,13,Up,Up,300,3
Square,MonteCarloStateSingle-Time300,0,-2,-1,0,2,1,-4,2,1,0,5,15,2,18,5,15,4,16,6,14,2,18,2,-4,5,-3,6,14,Up,Left,300,3
Square,MonteCarloStateSingle-Time300,1,12,-2,12,12.04159458,12.16552506,0,17,12,-6,9,11,17,3,8,12,5,15,11,9,5,15,3,-1,8,2,11,1,Down,Left,300,3
Square,MonteCarloStateSingle-Time300,1,9,-1,10,9.055385138,10.04987562,0,15,9,-10,9,11,15,5,8,12,6,14,10,10,5,15,2,-1,8,1,10,2,Down,Left,300,3
Square,MonteCarloStateSingle-Time300,1,6,0,8,6.08276253,8,0,13,6,1,9,11,13,7,8,12,7,13,9,11,5,15,2,-1,8,0,9,3,Right,Down,300,3
Square,MonteCarloStateSingle-Time300,0,4,0,5,4,5,0,11,1,1,9,11,11,9,9,11,7,13,9,11,6,14,1,0,9,0,9,4,Up,Up,300,3
Square,MonteCarloStateSingle-Time300,0,3,0,4,3,4,0,9,1,1,9,11,9,11,9,11,6,14,9,11,5,15,1,0,9,0,9,5,Up,Up,300,3
Square,MonteCarloStateSingle-Time300,-1,3,-1,4,3.16227766,4.123105626,-1,8,-3,-4,8,12,8,12,9,11,5,15,9,11,4,16,1,0,9,0,9,6,Left,Left,300,3
Square,MonteCarloStateSingle-Time300,-2,3,-2,4,3.605551275,4.472135955,-3,8,-1,-2,6,14,8,12,8,12,5,15,8,12,4,16,1,-1,8,-1,8,7,Left,Up,300,3
Square,MonteCarloStateSingle-Time300,-3,3,-4,5,4.242640687,6.403124237,-5,8,-1,-1,4,16,8,12,7,13,5,15,8,12,3,17,2,-2,7,-1,8,8,Up,Up,300,3
Square,MonteCarloStateSingle-Time300,-5,4,-6,6,6.403124237,8.485281374,-7,8,0,-1,2,18,8,12,7,13,4,16,8,12,2,18,2,-2,7,-1,8,9,Left,Left,300,3
Square,MonteCarloStateSingle-Time300,-4,2,-5,4,4.472135955,6.403124237,-7,6,0,0,2,18,6,14,6,14,4,16,7,13,2,18,2,-3,6,-2,7,10,Left,Left,300,3
Square,MonteCarloStateSingle-Time300,-3,0,-4,2,3,4.472135955,-7,4,0,0,2,18,4,16,5,15,4,16,6,14,2,18,2,-4,5,-3,6,11,Left,Left,300,3
Square,MonteCarloStateSingle-Time300,-2,-2,-3,0,2.828427125,3,-7,2,1,0,2,18,2,18,4,16,4,16,5,15,2,18,2,-5,4,-4,5,12,Up,Up,300,3
Square,MonteCarloStateSingle-Time300,0,-1,-1,1,1,1.414213562,-5,2,1,-1,4,16,2,18,4,16,3,17,5,15,1,19,2,-5,4,-4,5,13,Up,Left,300,3
Square,MonteCarloStateSingle-Time300,1,12,-2,12,12.04159458,12.16552506,0,17,12,-6,9,11,17,3,8,12,5,15,11,9,5,15,3,-1,8,2,11,1,Right,Down,300,3
Square,MonteCarloStateSingle-Time300,0,10,-2,9,10,9.219544457,0,15,1,-4,9,11,15,5,9,11,5,15,11,9,6,14,2,0,9,2,11,2,Left,Down,300,3
Square,MonteCarloStateSingle-Time300,1,8,-2,6,8.062257748,6.32455532,0,13,8,-3,9,11,13,7,8,12,5,15,11,9,7,13,4,-1,8,2,11,3,Right,Down,300,3
Square,MonteCarloStateSingle-Time300,0,6,-2,3,6,3.605551275,0,11,1,-1,9,11,11,9,9,11,5,15,11,9,8,12,4,0,9,2,11,4,Down,Down,300,3
Square,MonteCarloStateSingle-Time300,0,3,-2,0,3,2,0,9,1,0,9,11,9,11,9,11,6,14,11,9,9,11,4,0,9,2,11,5,Up,Up,300,3
Square,MonteCarloStateSingle-Time300,0,2,-2,-1,2,2.236067977,0,7,1,0,9,11,7,13,9,11,5,15,11,9,8,12,4,0,9,2,11,6,Left,Left,300,3
Square,MonteCarloStateSingle-Time300,1,0,-1,-3,1,3.16227766,0,5,0,3,9,11,5,15,8,12,5,15,10,10,8,12,4,-1,8,1,10,7,Right,Right,300,3
Square,MonteCarloStateSingle-Time300,1,12,-2,12,12.04159458,12.16552506,0,17,12,-6,9,11,17,3,8,12,5,15,11,9,5,15,3,-1,8,2,11,1,Right,Down,300,3
Square,MonteCarloStateSingle-Time300,0,10,-2,9,10,9.219544457,0,15,1,-4,9,11,15,5,9,11,5,15,11,9,6,14,2,0,9,2,11,2,Down,Down,300,3
Square,MonteCarloStateSingle-Time300,0,7,-2,6,7,6.32455532,0,13,1,-3,9,11,13,7,9,11,6,14,11,9,7,13,2,0,9,2,11,3,Down,Down,300,3
Square,MonteCarloStateSingle-Time300,0,4,-2,3,4,3.605551275,0,11,1,-1,9,11,11,9,9,11,7,13,11,9,8,12,2,0,9,2,11,4,Up,Down,300,3
Square,MonteCarloStateSingle-Time300,0,3,-2,0,3,2,0,9,1,0,9,11,9,11,9,11,6,14,11,9,9,11,4,0,9,2,11,5,Up,Up,300,3
Square,MonteCarloStateSingle-Time300,0,2,-2,-1,2,2.236067977,0,7,1,0,9,11,7,13,9,11,5,15,11,9,8,12,4,0,9,2,11,6,Up,Up,300,3
Square,MonteCarloStateSingle-Time300,0,1,-2,-2,1,2.828427125,0,5,1,1,9,11,5,15,9,11,4,16,11,9,7,13,4,0,9,2,11,7,Down,Left,300,3
Square,MonteCarloStateSingle-Time300,1,14,-2,14,14.03566885,14.14213562,0,19,14,-7,9,11,19,1,8,12,5,15,11,9,5,15,3,-1,8,2,11,0,Down,Left,300,3
Square,MonteCarloStateSingle-Time300,1,11,-1,12,11.04536102,12.04159458,0,17,11,-12,9,11,17,3,8,12,6,14,10,10,5,15,2,-1,8,1,10,1,Right,Left,300,3
Square,MonteCarloStateSingle-Time300,0,9,0,10,9,10,0,15,1,1,9,11,15,5,9,11,6,14,9,11,5,15,1,0,9,0,9,2,Left,Down,300,3
Square,MonteCarloStateSingle-Time300,1,7,0,7,7.071067812,7,0,13,7,1,9,11,13,7,8,12,6,14,9,11,6,14,1,-1,8,0,9,3,Right,Down,300,3
Square,MonteCarloStateSingle-Time300,0,5,0,4,5,4,0,11,1,1,9,11,11,9,9,11,6,14,9,11,7,13,1,0,9,0,9,4,Down,Up,300,3
Square,MonteCarloStateSingle-Time300,1,3,1,4,3.16227766,4.123105626,1,10,3,4,10,10,10,10,9,11,7,13,9,11,6,14,1,0,9,0,9,5,Up,Up,300,3
Square,MonteCarloStateSingle-Time300,3,4,3,5,5,5.830951895,3,10,1,1,12,8,10,10,9,11,6,14,9,11,5,15,1,0,9,0,9,6,Up,Right,300,3
Square,MonteCarloStateSingle-Time300,5,5,4,5,7.071067812,6.403124237,5,10,1,1,14,6,10,10,9,11,5,15,10,10,5,15,1,0,9,1,10,7,Down,Down,300,3
Square,MonteCarloStateSingle-Time300,7,4,6,4,8.062257748,7.211102551,7,10,0,0,16,4,10,10,9,11,6,14,10,10,6,14,1,0,9,1,10,8,Right,Right,300,3
Square,MonteCarloStateSingle-Time300,8,4,7,4,8.94427191,8.062257748,9,10,0,0,18,2,10,10,10,10,6,14,11,9,6,14,1,1,10,2,11,9,Right,Right,300,3
Square,MonteCarloStateSingle-Time300,7,2,6,2,7.280109889,6.32455532,9,8,0,0,18,2,8,12,11,9,6,14,12,8,6,14,1,2,11,3,12,10,Right,Right,300,3
Square,MonteCarloStateSingle-Time300,6,0,5,0,6,5,9,6,0,0,18,2,6,14,12,8,6,14,13,7,6,14,1,3,12,4,13,11,Up,Up,300,3
Square,MonteCarloStateSingle-Time300,6,-1,5,-1,6.08276253,5.099019514,9,4,0,0,18,2,4,16,12,8,5,15,13,7,5,15,1,3,12,4,13,12,Right,Up,300,3
Square,MonteCarloStateSingle-Time300,5,-3,5,-2,5.830951895,5.385164807,9,2,0,0,18,2,2,18,13,7,5,15,13,7,4,16,1,4,13,4,13,13,Up,Up,300,3
Square,MonteCarloStateSingle-Time300,3,-2,3,-1,3.605551275,3.16227766,7,2,0,0,16,4,2,18,13,7,4,16,13,7,3,17,1,4,13,4,13,14,Up,Up,300,3
Square,MonteCarloStateSingle-Time300,1,-1,1,0,1.414213562,1,5,2,-1,0,14,6,2,18,13,7,3,17,13,7,2,18,1,4,13,4,13,15,Up,Right,300,3
Square,MonteCarloStateSingle-Time300,2,14,-1,14,14.14213562,14.03566885,1,19,7,-14,10,10,19,1,8,12,5,15,11,9,5,15,3,-1,8,2,11,0,Down,Left,300,3
Square,MonteCarloStateSingle-Time300,2,11,0,12,11.18033989,12,1,17,5,1,10,10,17,3,8,12,6,14,10,10,5,15,2,-1,8,1,10,1,Down,Left,300,3
Square,MonteCarloStateSingle-Time300,2,8,1,10,8.246211251,10.04987562,1,15,4,10,10,10,15,5,8,12,7,13,9,11,5,15,2,-1,8,0,9,2,Right,Down,300,3
Square,MonteCarloStateSingle-Time300,1,6,1,7,6.08276253,7.071067812,1,13,6,7,10,10,13,7,9,11,7,13,9,11,6,14,1,0,9,0,9,3,Down,Down,300,3
Square,MonteCarloStateSingle-Time300,1,3,1,4,3.16227766,4.123105626,1,11,3,4,10,10,11,9,9,11,8,12,9,11,7,13,1,0,9,0,9,4,Up,Right,300,3
Square,MonteCarloStateSingle-Time300,2,3,1,3,3.605551275,3.16227766,2,10,1,3,11,9,10,10,9,11,7,13,10,10,7,13,1,0,9,1,10,5,Right,Right,300,3
Square,MonteCarloStateSingle-Time300,3,3,2,3,4.242640687,3.605551275,4,10,1,1,13,7,10,10,10,10,7,13,11,9,7,13,1,1,10,2,11,6,Right,Up,300,3
Square,MonteCarloStateSingle-Time300,4,3,4,4,5,5.656854249,6,10,0,1,15,5,10,10,11,9,7,13,11,9,6,14,1,2,11,2,11,7,Up,Up,300,3
Square,MonteCarloStateSingle-Time300,6,4,6,5,7.211102551,7.810249676,8,10,0,0,17,3,10,10,11,9,6,14,11,9,5,15,1,2,11,2,11,8,Down,Right,300,3
Square,MonteCarloStateSingle-Time300,7,2,6,4,7.280109889,7.211102551,9,9,0,0,18,2,9,11,11,9,7,13,12,8,5,15,2,2,11,3,12,9,Up,Right,300,3
Square,MonteCarloStateSingle-Time300,7,1,5,2,7.071067812,5.385164807,9,7,0,0,18,2,7,13,11,9,6,14,13,7,5,15,2,2,11,4,13,10,Right,Right,300,3
Square,MonteCarloStateSingle-Time300,6,-1,4,0,6.08276253,4,9,5,0,0,18,2,5,15,12,8,6,14,14,6,5,15,2,3,12,5,14,11,Up,Up,300,3
Square,MonteCarloStateSingle-Time300,6,-2,4,-1,6.32455532,4.123105626,9,3,0,0,18,2,3,17,12,8,5,15,14,6,4,16,2,3,12,5,14,12,Up,Right,300,3
Square,MonteCarloStateSingle-Time300,5,-2,2,-2,5.385164807,2.828427125,8,2,0,-1,17,3,2,18,12,8,4,16,15,5,4,16,3,3,12,6,15,13,Up,Up,300,3
Square,MonteCarloStateSingle-Time300,3,-1,0,-1,3.16227766,1,6,2,0,1,15,5,2,18,12,8,3,17,15,5,3,17,3,3,12,6,15,14,Right,Up,300,3
Square,MonteCarloStateSingle-Time300,1,12,-2,12,12.04159458,12.16552506,0,17,12,-6,9,11,17,3,8,12,5,15,11,9,5,15,3,-1,8,2,11,1,Down,Left,300,3
Square,MonteCarloStateSingle-Time300,1,9,-1,10,9.055385138,10.04987562,0,15,9,-10,9,11,15,5,8,12,6,14,10,10,5,15,2,-1,8,1,10,2,Right,Left,300,3
Square,MonteCarloStateSingle-Time300,0,7,0,8,7,8,0,13,1,1,9,11,13,7,9,11,6,14,9,11,5,15,1,0,9,0,9,3,Left,Down,300,3
Square,MonteCarloStateSingle-Time300,1,5,0,5,5.099019514,5,0,11,5,1,9,11,11,9,8,12,6,14,9,11,6,14,1,-1,8,0,9,4,Right,Right,300,3
Square,MonteCarloStateSingle-Time300,0,3,-1,3,3,3.16227766,0,9,1,-3,9,11,9,11,9,11,6,14,10,10,6,14,1,0,9,1,10,5,Up,Up,300,3
Square,MonteCarloStateSingle-Time300,-1,3,-2,3,3.16227766,3.605551275,-1,8,-3,-1,8,12,8,12,9,11,5,15,10,10,5,15,1,0,9,1,10,6,Up,Up,300,3
Square,MonteCarloStateSingle-Time300,-3,4,-4,4,5,5.656854249,-3,8,-1,-1,6,14,8,12,9,11,4,16,10,10,4,16,1,0,9,1,10,7,Left,Left,300,3
Square,MonteCarloStateSingle-Time300,-4,4,-5,4,5.656854249,6.403124237,-5,8,-1,0,4,16,8,12,8,12,4,16,9,11,4,16,1,-1,8,0,9,8,Left,Left,300,3
Square,MonteCarloStateSingle-Time300,-5,4,-6,4,6.403124237,7.211102551,-7,8,0,0,2,18,8,12,7,13,4,16,8,12,4,16,1,-2,7,-1,8,9,Left,Up,300,3
Square,MonteCarloStateSingle-Time300,-4,2,-6,3,4.472135955,6.708203932,-7,6,0,0,2,18,6,14,6,14,4,16,8,12,3,17,2,-3,6,-1,8,10,Left,Left,300,3
Square,MonteCarloStateSingle-Time300,-3,0,-5,1,3,5.099019514,-7,4,0,0,2,18,4,16,5,15,4,16,7,13,3,17,2,-4,5,-2,7,11,Left,Left,300,3
Square,MonteCarloStateSingle-Time300,-2,-2,-4,-1,2.828427125,4.123105626,-7,2,1,0,2,18,2,18,4,16,4,16,6,14,3,17,2,-5,4,-3,6,12,Up,Up,300,3
Square,MonteCarloStateSingle-Time300,0,-1,-2,0,1,2,-5,2,1,0,4,16,2,18,4,16,3,17,6,14,2,18,2,-5,4,-3,6,13,Up,Right,300,3
Square,MonteCarloStateSingle-Time300,1,12,-2,12,12.04159458,12.16552506,0,17,12,-6,9,11,17,3,8,12,5,15,11,9,5,15,3,-1,8,2,11,1,Down,Left,300,3
Square,MonteCarloStateSingle-Time300,1,9,-1,10,9.055385138,10.04987562,0,15,9,-10,9,11,15,5,8,12,6,14,10,10,5,15,2,-1,8,1,10,2,Right,Left,300,3
Square,MonteCarloStateSingle-Time300,0,7,0,8,7,8,0,13,1,1,9,11,13,7,9,11,6,14,9,11,5,15,1,0,9,0,9,3,Left,Down,300,3
Square,MonteCarloStateSingle-Time300,1,5,0,5,5.099019514,5,0,11,5,1,9,11,11,9,8,12,6,14,9,11,6,14,1,-1,8,0,9,4,Down,Left,300,3
Square,MonteCarloStateSingle-Time300,2,3,2,4,3.605551275,4.472135955,1,10,1,2,10,10,10,10,8,12,7,13,8,12,6,14,1,-1,8,-1,8,5,Right,Up,300,3
Square,MonteCarloStateSingle-Time300,3,3,4,5,4.242640687,6.403124237,3,10,1,1,12,8,10,10,9,11,7,13,8,12,5,15,2,0,9,-1,8,6,Up,Up,300,3
Square,MonteCarloStateSingle-Time300,5,4,6,6,6.403124237,8.485281374,5,10,0,1,14,6,10,10,9,11,6,14,8,12,4,16,2,0,9,-1,8,7,Right,Up,300,3
Square,MonteCarloStateSingle-Time300,6,4,8,7,7.211102551,10.63014581,7,10,0,0,16,4,10,10,10,10,6,14,8,12,3,17,4,1,10,-1,8,8,Right,Down,300,3
Square,MonteCarloStateSingle-Time300,7,4,10,6,8.062257748,11.66190379,9,10,0,0,18,2,10,10,11,9,6,14,8,12,4,16,4,2,11,-1,8,9,Right,Up,300,3
Square,MonteCarloStateSingle-Time300,6,2,10,5,6.32455532,11.18033989,9,8,0,0,18,2,8,12,12,8,6,14,8,12,3,17,5,3,12,-1,8,10,Up,Up,300,3
Square,MonteCarloStateSingle-Time300,6,1,10,4,6.08276253,10.77032961,9,6,0,0,18,2,6,14,12,8,5,15,8,12,2,18,5,3,12,-1,8,11,Up,Right,300,3
Square,MonteCarloStateSingle-Time300,6,0,9,2,6,9.219544457,9,4,0,0,18,2,4,16,12,8,4,16,9,11,2,18,4,3,12,0,9,12,Right,Up,300,3
Square,MonteCarloStateSingle-Time300,5,-2,9,1,5.385164807,9.055385138,9,2,0,0,18,2,2,18,13,7,4,16,9,11,1,19,5,4,13,0,9,13,Up,Up,300,3
Square,MonteCarloStateSingle-Time300,3,-1,7,2,3.16227766,7.280109889,7,2,0,0,16,4,2,18,13,7,3,17,9,11,0,20,5,4,13,0,9,14,Right,Right,300,3
Square,MonteCarloStateSingle-Time300,0,-1,4,2,1,4.472135955,5,2,1,0,14,6,2,18,14,6,3,17,10,10,0,20,5,5,14,1,10,15,Up,Right,300,3
Square,MonteCarloStateSingle-Time300,1,12,-2,12,12.04159458,12.16552506,0,17,12,-6,9,11,17,3,8,12,5,15,11,9,5,15,3,-1,8,2,11,1,Right,Down,300,3
Square,MonteCarloStateSingle-Time300,0,10,-2,9,10,9.219544457,0,15,1,-4,9,11,15,5,9,11,5,15,11,9,6,14,2,0,9,2,11,2,Left,Left,300,3
Square,MonteCarloStateSingle-Time300,1,8,-1,7,8.062257748,7.071067812,0,13,8,-7,9,11,13,7,8,12,5,15,10,10,6,14,2,-1,8,1,10,3,Right,Down,300,3
Square,MonteCarloStateSingle-Time300,0,6,-1,4,6,4.123105626,0,11,1,-4,9,11,11,9,9,11,5,15,10,10,7,13,2,0,9,1,10,4,Left,Left,300,3
Square,MonteCarloStateSingle-Time300,0,5,-1,3,5,3.16227766,-1,10,1,-3,8,12,10,10,8,12,5,15,9,11,7,13,2,-1,8,0,9,5,Left,Left,300,3
Square,MonteCarloStateSingle-Time300,-1,5,-2,3,5.099019514,3.605551275,-3,10,-5,-1,6,14,10,10,7,13,5,15,8,12,7,13,2,-2,7,-1,8,6,Up,Up,300,3
Square,MonteCarloStateSingle-Time300,-3,6,-4,4,6.708203932,5.656854249,-5,10,-2,-1,4,16,10,10,7,13,4,16,8,12,6,14,2,-2,7,-1,8,7,Left,Down,300,3
Square,MonteCarloStateSingle-Time300,-4,6,-6,3,7.211102551,6.708203932,-7,10,-1,0,2,18,10,10,6,14,4,16,8,12,7,13,4,-3,6,-1,8,8,Down,Left,300,3
Square,MonteCarloStateSingle-Time300,-4,3,-5,1,5,5.099019514,-7,8,0,0,2,18,8,12,6,14,5,15,7,13,7,13,2,-3,6,-2,7,9,Up,Left,300,3
Square,MonteCarloStateSingle-Time300,-4,2,-4,-1,4.472135955,4.123105626,-7,6,0,0,2,18,6,14,6,14,4,16,6,14,7,13,3,-3,6,-3,6,10,Left,Up,300,3
Square,MonteCarloStateSingle-Time300,-3,0,-4,-2,3,4.472135955,-7,4,0,0,2,18,4,16,5,15,4,16,6,14,6,14,2,-4,5,-3,6,11,Left,Left,300,3
Square,MonteCarloStateSingle-Time300,-2,-2,-3,-4,2.828427125,5,-7,2,1,1,2,18,2,18,4,16,4,16,5,15,6,14,2,-5,4,-4,5,12,Up,Up,300,3
Square,MonteCarloStateSingle-Time300,0,-1,-1,-3,1,3.16227766,-5,2,1,3,4,16,2,18,4,16,3,17,5,15,5,15,2,-5,4,-4,5,13,Up,Right,300,3
Square,MonteCarloStateSingle-Time300,1,12,-2,12,12.04159458,12.16552506,0,17,12,-6,9,11,17,3,8,12,5,15,11,9,5,15,3,-1,8,2,11,1,Down,Down,300,3
Square,MonteCarloStateSingle-Time300,1,9,-2,9,9.055385138,9.219544457,0,15,9,-4,9,11,15,5,8,12,6,14,11,9,6,14,3,-1,8,2,11,2,Right,Left,300,3
Square,MonteCarloStateSingle-Time300,0,7,-1,7,7,7.071067812,0,13,1,-7,9,11,13,7,9,11,6,14,10,10,6,14,1,0,9,1,10,3,Left,Down,300,3
Square,MonteCarloStateSingle-Time300,1,5,-1,4,5.099019514,4.123105626,0,11,5,-4,9,11,11,9,8,12,6,14,10,10,7,13,2,-1,8,1,10,4,Down,Right,300,3
Square,MonteCarloStateSingle-Time300,2,3,-1,3,3.605551275,3.16227766,1,10,1,-3,10,10,10,10,8,12,7,13,11,9,7,13,3,-1,8,2,11,5,Up,Up,300,3
Square,MonteCarloStateSingle-Time300,4,4,1,4,5.656854249,4.123105626,3,10,1,4,12,8,10,10,8,12,6,14,11,9,6,14,3,-1,8,2,11,6,Right,Right,300,3
Square,MonteCarloStateSingle-Time300,5,4,2,4,6.403124237,4.472135955,5,10,0,2,14,6,10,10,9,11,6,14,12,8,6,14,3,0,9,3,12,7,Up,Down,300,3
Square,MonteCarloStateSingle-Time300,7,5,4,3,8.602325267,5,7,10,0,0,16,4,10,10,9,11,5,15,12,8,7,13,4,0,9,3,12,8,Right,Right,300,3
Square,MonteCarloStateSingle-Time300,8,5,5,3,9.433981132,5.830951895,9,10,0,0,18,2,10,10,10,10,5,15,13,7,7,13,4,1,10,4,13,9,Right,Down,300,3
Square,MonteCarloStateSingle-Time300,7,3,5,0,7.615773106,5,9,8,0,0,18,2,8,12,11,9,5,15,13,7,8,12,4,2,11,4,13,10,Up,Up,300,3
Square,MonteCarloStateSingle-Time300,7,2,5,-1,7.280109889,5.099019514,9,6,0,0,18,2,6,14,11,9,4,16,13,7,7,13,4,2,11,4,13,11,Right,Up,300,3
Square,MonteCarloStateSingle-Time300,6,0,5,-2,6,5.385164807,9,4,0,0,18,2,4,16,12,8,4,16,13,7,6,14,2,3,12,4,13,12,Right,Right,300,3
Square,MonteCarloStateSingle-Time300,5,-2,4,-4,5.385164807,5.656854249,9,2,0,-1,18,2,2,18,13,7,4,16,14,6,6,14,2,4,13,5,14,13,Up,Up,300,3
Square,MonteCarloStateSingle-Time300,3,-1,2,-3,3.16227766,3.605551275,7,2,0,-1,16,4,2,18,13,7,3,17,14,6,5,15,2,4,13,5,14,14,Up,Up,300,3
Square,MonteCarloStateSingle-Time300,1,0,0,-2,1,2,5,2,0,1,14,6,2,18,13,7,2,18,14,6,4,16,2,4,13,5,14,15,Right,Right,300,3
Square,MonteCarloStateSingle-Time300,0,14,-3,14,14,14.31782106,-1,19,1,-4,8,12,19,1,8,12,5,15,11,9,5,15,3,-1,8,2,11,0,Left,Left,300,3
Square,MonteCarloStateSingle-Time300,1,12,-2,12,12.04159458,12.16552506,-1,17,12,-6,8,12,17,3,7,13,5,15,10,10,5,15,3,-2,7,1,10,1,Down,Down,300,3
Square,MonteCarloStateSingle-Time300,1,9,-2,9,9.055385138,9.219544457,-1,15,9,-4,8,12,15,5,7,13,6,14,10,10,6,14,3,-2,7,1,10,2,Right,Down,300,3
Square,MonteCarloStateSingle-Time300,0,7,-2,6,7,6.32455532,-1,13,1,-3,8,12,13,7,8,12,6,14,10,10,7,13,2,-1,8,1,10,3,Down,Left,300,3
Square,MonteCarloStateSingle-Time300,0,4,-1,4,4,4.123105626,-1,11,1,-4,8,12,11,9,8,12,7,13,9,11,7,13,1,-1,8,0,9,4,Right,Up,300,3
Square,MonteCarloStateSingle-Time300,-2,3,-2,4,3.605551275,4.472135955,-2,10,-1,-2,7,13,10,10,9,11,7,13,9,11,6,14,1,0,9,0,9,5,Left,Up,300,3
Square,MonteCarloStateSingle-Time300,-3,3,-4,5,4.242640687,6.403124237,-4,10,-1,-1,5,15,10,10,8,12,7,13,9,11,5,15,2,-1,8,0,9,6,Left,Up,300,3
Square,MonteCarloStateSingle-Time300,-4,3,-6,6,5,8.485281374,-6,10,0,-1,3,17,10,10,7,13,7,13,9,11,4,16,4,-2,7,0,9,7,Up,Left,300,3
Square,MonteCarloStateSingle-Time300,-5,3,-6,5,5.830951895,7.810249676,-7,9,0,0,2,18,9,11,7,13,6,14,8,12,4,16,2,-2,7,-1,8,8,Up,Up,300,3
Square,MonteCarloStateSingle-Time300,-5,2,-6,4,5.385164807,7.211102551,-7,7,0,0,2,18,7,13,7,13,5,15,8,12,3,17,2,-2,7,-1,8,9,Left,Left,300,3
Square,MonteCarloStateSingle-Time300,-4,0,-5,2,4,5.385164807,-7,5,0,0,2,18,5,15,6,14,5,15,7,13,3,17,2,-3,6,-2,7,10,Left,Left,300,3
Square,MonteCarloStateSingle-Time300,-3,-2,-4,0,3.605551275,4,-7,3,0,0,2,18,3,17,5,15,5,15,6,14,3,17,2,-4,5,-3,6,11,Up,Up,300,3
Square,MonteCarloStateSingle-Time300,-2,-2,-3,0,2.828427125,3,-6,2,1,0,3,17,2,18,5,15,4,16,6,14,2,18,2,-4,5,-3,6,12,Up,Up,300,3
Square,MonteCarloStateSingle-Time300,0,-1,-1,1,1,1.414213562,-4,2,1,-1,5,15,2,18,5,15,3,17,6,14,1,19,2,-4,5,-3,6,13,Up,Right,300,3
Square,MonteCarloStateSingle-Time300,1,12,-2,12,12.04159458,12.16552506,0,17,12,-6,9,11,17,3,8,12,5,15,11,9,5,15,3,-1,8,2,11,1,Right,Left,300,3
Square,MonteCarloStateSingle-Time300,0,10,-1,10,10,10.04987562,0,15,1,-10,9,11,15,5,9,11,5,15,10,10,5,15,1,0,9,1,10,2,Left,Down,300,3
Square,MonteCarloStateSingle-Time300,1,8,-1,7,8.062257748,7.071067812,0,13,8,-7,9,11,13,7,8,12,5,15,10,10,6,14,2,-1,8,1,10,3,Down,Down,300,3
Square,MonteCarloStateSingle-Time300,1,5,-1,4,5.099019514,4.123105626,0,11,5,-4,9,11,11,9,8,12,6,14,10,10,7,13,2,-1,8,1,10,4,Right,Up,300,3
Square,MonteCarloStateSingle-Time300,0,3,-1,3,3,3.16227766,0,9,1,-3,9,11,9,11,9,11,6,14,10,10,6,14,1,0,9,1,10,5,Up,Up,300,3
Square,MonteCarloStateSingle-Time300,1,3,0,3,3.16227766,3,1,8,3,1,10,10,8,12,9,11,5,15,10,10,5,15,1,0,9,1,10,6,Up,Up,300,3
Square,MonteCarloStateSingle-Time300,3,4,2,4,5,4.472135955,3,8,1,2,12,8,8,12,9,11,4,16,10,10,4,16,1,0,9,1,10,7,Right,Right,300,3
Square,MonteCarloStateSingle-Time300,4,4,3,4,5.656854249,5,5,8,1,1,14,6,8,12,10,10,4,16,11,9,4,16,1,1,10,2,11,8,Up,Up,300,3
Square,MonteCarloStateSingle-Time300,6,5,5,5,7.810249676,7.071067812,7,8,0,1,16,4,8,12,10,10,3,17,11,9,3,17,1,1,10,2,11,9,Down,Down,300,3
Square,MonteCarloStateSingle-Time300,8,4,7,4,8.94427191,8.062257748,9,8,0,0,18,2,8,12,10,10,4,16,11,9,4,16,1,1,10,2,11,10,Up,Up,300,3
Square,MonteCarloStateSingle-Time300,8,3,7,3,8.544003745,7.615773106,9,6,0,0,18,2,6,14,10,10,3,17,11,9,3,17,1,1,10,2,11,11,Right,Right,300,3
Square,MonteCarloStateSingle-Time300,7,1,6,1,7.071067812,6.08276253,9,4,0,0,18,2,4,16,11,9,3,17,12,8,3,17,1,2,11,3,12,12,Right,Right,300,3
Square,MonteCarloStateSingle-Time300,6,-1,5,-1,6.08276253,5.099019514,9,2,0,0,18,2,2,18,12,8,3,17,13,7,3,17,1,3,12,4,13,13,Right,Up,300,3
Square,MonteCarloStateSingle-Time300,3,-1,3,0,3.16227766,3,7,2,0,0,16,4,2,18,13,7,3,17,13,7,2,18,1,4,13,4,13,14,Right,Up,300,3
Square,MonteCarloStateSingle-Time300,0,-1,1,1,1,1.414213562,5,2,1,1,14,6,2,18,14,6,3,17,13,7,1,19,2,5,14,4,13,15,Up,Left,300,3
Square,MonteCarloStateSingle-Time300,1,12,-2,12,12.04159458,12.16552506,0,17,12,-6,9,11,17,3,8,12,5,15,11,9,5,15,3,-1,8,2,11,1,Right,Down,300,3
Square,MonteCarloStateSingle-Time300,0,10,-2,9,10,9.219544457,0,15,1,-4,9,11,15,5,9,11,5,15,11,9,6,14,2,0,9,2,11,2,Left,Left,300,3
Square,MonteCarloStateSingle-Time300,1,8,-1,7,8.062257748,7.071067812,0,13,8,-7,9,11,13,7,8,12,5,15,10,10,6,14,2,-1,8,1,10,3,Down,Down,300,3
Square,MonteCarloStateSingle-Time300,1,5,-1,4,5.099019514,4.123105626,0,11,5,-4,9,11,11,9,8,12,6,14,10,10,7,13,2,-1,8,1,10,4,Right,Left,300,3
Square,MonteCarloStateSingle-Time300,1,4,1,3,4.123105626,3.16227766,1,10,4,3,10,10,10,10,9,11,6,14,9,11,7,13,1,0,9,0,9,5,Up,Up,300,3
Square,MonteCarloStateSingle-Time300,3,5,3,4,5.830951895,5,3,10,1,1,12,8,10,10,9,11,5,15,9,11,6,14,1,0,9,0,9,6,Right,Up,300,3
Square,MonteCarloStateSingle-Time300,4,5,5,5,6.403124237,7.071067812,5,10,1,1,14,6,10,10,10,10,5,15,9,11,5,15,1,1,10,0,9,7,Up,Down,300,3
Square,MonteCarloStateSingle-Time300,6,6,7,4,8.485281374,8.062257748,7,10,1,0,16,4,10,10,10,10,4,16,9,11,6,14,2,1,10,0,9,8,Right,Down,300,3
Square,MonteCarloStateSingle-Time300,7,6,9,3,9.219544457,9.486832981,9,10,0,0,18,2,10,10,11,9,4,16,9,11,7,13,4,2,11,0,9,9,Down,Right,300,3
Square,MonteCarloStateSingle-Time300,7,3,8,1,7.615773106,8.062257748,9,8,0,0,18,2,8,12,11,9,5,15,10,10,7,13,2,2,11,1,10,10,Up,Up,300,3
Square,MonteCarloStateSingle-Time300,7,2,8,0,7.280109889,8,9,6,0,0,18,2,6,14,11,9,4,16,10,10,6,14,2,2,11,1,10,11,Right,Up,300,3
Square,MonteCarloStateSingle-Time300,6,0,8,-1,6,8.062257748,9,4,0,0,18,2,4,16,12,8,4,16,10,10,5,15,2,3,12,1,10,12,Up,Up,300,3
Square,MonteCarloStateSingle-Time300,6,-1,8,-2,6.08276253,8.246211251,9,2,0,0,18,2,2,18,12,8,3,17,10,10,4,16,2,3,12,1,10,13,Up,Up,300,3
Square,MonteCarloStateSingle-Time300,4,0,6,-1,4,6.08276253,7,2,0,0,16,4,2,18,12,8,2,18,10,10,3,17,2,3,12,1,10,14,Right,Up,300,3
Square,MonteCarloStateSingle-Time300,1,0,4,0,1,4,5,2,0,0,14,6,2,18,13,7,2,18,10,10,2,18,3,4,13,1,10,15,Right,Right,300,3
Square,MonteCarloStateSingle-Time300,1,12,-2,12,12.04159458,12.16552506,0,17,12,-6,9,11,17,3,8,12,5,15,11,9,5,15,3,-1,8,2,11,1,Right,Down,300,3
Square,MonteCarloStateSingle-Time300,0,10,-2,9,10,9.219544457,0,15,1,-4,9,11,15,5,9,11,5,15,11,9,6,14,2,0,9,2,11,2,Down,Down,300,3
Square,MonteCarloStateSingle-Time300,0,7,-2,6,7,6.32455532,0,13,1,-3,9,11,13,7,9,11,6,14,11,9,7,13,2,0,9,2,11,3,Left,Down,300,3
Square,MonteCarloStateSingle-Time300,1,5,-2,3,5.099019514,3.605551275,0,11,5,-1,9,11,11,9,8,12,6,14,11,9,8,12,4,-1,8,2,11,4,Right,Down,300,3
Square,MonteCarloStateSingle-Time300,0,3,-2,0,3,2,0,9,1,0,9,11,9,11,9,11,6,14,11,9,9,11,4,0,9,2,11,5,Up,Up,300,3
Square,MonteCarloStateSingle-Time300,0,2,-2,-1,2,2.236067977,0,7,1,0,9,11,7,13,9,11,5,15,11,9,8,12,4,0,9,2,11,6,Up,Up,300,3
Square,MonteCarloStateSingle-Time300,0,1,-2,-2,1,2.828427125,0,5,1,1,9,11,5,15,9,11,4,16,11,9,7,13,4,0,9,2,11,7,Down,Left,300,3
Square,MonteCarloStateSingle-Time300,1,14,-2,14,14.03566885,14.14213562,0,19,14,-7,9,11,19,1,8,12,5,15,11,9,5,15,3,-1,8,2,11,0,Right,Down,300,3
Square,MonteCarloStateSingle-Time300,0,12,-2,11,12,11.18033989,0,17,1,-5,9,11,17,3,9,11,5,15,11,9,6,14,2,0,9,2,11,1,Down,Left,300,3
Square,MonteCarloStateSingle-Time300,0,9,-1,9,9,9.055385138,0,15,1,-9,9,11,15,5,9,11,6,14,10,10,6,14,1,0,9,1,10,2,Left,Down,300,3
Square,MonteCarloStateSingle-Time300,1,7,-1,6,7.071067812,6.08276253,0,13,7,-6,9,11,13,7,8,12,6,14,10,10,7,13,2,-1,8,1,10,3,Right,Down,300,3
Square,MonteCarloStateSingle-Time300,0,5,-1,3,5,3.16227766,0,11,1,-3,9,11,11,9,9,11,6,14,10,10,8,12,2,0,9,1,10,4,Down,Down,300,3
Square,MonteCarloStateSingle-Time300,0,2,-1,0,2,1,0,9,1,0,9,11,9,11,9,11,7,13,10,10,9,11,2,0,9,1,10,5,Up,Left,300,3
Square,MonteCarloStateSingle-Time300,2,14,-1,14,14.14213562,14.03566885,1,19,7,-14,10,10,19,1,8,12,5,15,11,9,5,15,3,-1,8,2,11,0,Down,Left,300,3
Square,MonteCarloStateSingle-Time300,2,11,0,12,11.18033989,12,1,17,5,1,10,10,17,3,8,12,6,14,10,10,5,15,2,-1,8,1,10,1,Down,Left,300,3
Square,MonteCarloStateSingle-Time300,2,8,1,10,8.246211251,10.04987562,1,15,4,10,10,10,15,5,8,12,7,13,9,11,5,15,2,-1,8,0,9,2,Right,Right,300,3
Square,MonteCarloStateSingle-Time300,1,6,0,8,6.08276253,8,1,13,6,1,10,10,13,7,9,11,7,13,10,10,5,15,2,0,9,1,10,3,Right,Left,300,3
Square,MonteCarloStateSingle-Time300,0,4,1,6,4,6.08276253,1,11,1,6,10,10,11,9,10,10,7,13,9,11,5,15,2,1,10,0,9,4,Up,Up,300,3
Square,MonteCarloStateSingle-Time300,0,3,1,5,3,5.099019514,1,9,1,5,10,10,9,11,10,10,6,14,9,11,4,16,2,1,10,0,9,5,Up,Up,300,3
Square,MonteCarloStateSingle-Time300,-1,3,0,5,3.16227766,5,0,8,-3,1,9,11,8,12,10,10,5,15,9,11,3,17,2,1,10,0,9,6,Up,Up,300,3
Square,MonteCarloStateSingle-Time300,-3,4,-2,6,5,6.32455532,-2,8,-1,-3,7,13,8,12,10,10,4,16,9,11,2,18,2,1,10,0,9,7,Down,Left,300,3
Square,MonteCarloStateSingle-Time300,-5,3,-3,6,5.830951895,6.708203932,-4,8,0,-2,5,15,8,12,10,10,5,15,8,12,2,18,4,1,10,-1,8,8,Left,Left,300,3
Square,MonteCarloStateSingle-Time300,-6,3,-4,6,6.708203932,7.211102551,-6,8,0,-1,3,17,8,12,9,11,5,15,7,13,2,18,4,0,9,-2,7,9,Left,Down,300,3
Square,MonteCarloStateSingle-Time300,-6,2,-5,4,6.32455532,6.403124237,-7,7,0,0,2,18,7,13,8,12,5,15,7,13,3,17,2,-1,8,-2,7,10,Up,Up,300,3
Square,MonteCarloStateSingle-Time300,-6,1,-5,3,6.08276253,5.830951895,-7,5,0,0,2,18,5,15,8,12,4,16,7,13,2,18,2,-1,8,-2,7,11,Up,Left,300,3
Square,MonteCarloStateSingle-Time300,-6,0,-4,1,6,4.123105626,-7,3,0,0,2,18,3,17,8,12,3,17,6,14,2,18,2,-1,8,-3,6,12,Left,Left,300,3
Square,MonteCarloStateSingle-Time300,-4,-1,-2,0,4.123105626,2,-6,2,0,0,3,17,2,18,7,13,3,17,5,15,2,18,2,-2,7,-4,5,13,Left,Up,300,3
Square,MonteCarloStateSingle-Time300,-1,-1,0,1,1.414213562,1,-4,2,1,1,5,15,2,18,6,14,3,17,5,15,1,19,2,-3,6,-4,5,14,Up,Down,300,3
Square,MonteCarloStateSingle-Time300,1,12,-2,12,12.04159458,12.16552506,0,17,12,-6,9,11,17,3,8,12,5,15,11,9,5,15,3,-1,8,2,11,1,Right,Left,300,3
Square,MonteCarloStateSingle-Time300,0,10,-1,10,10,10.04987562,0,15,1,-10,9,11,15,5,9,11,5,15,10,10,5,15,1,0,9,1,10,2,Left,Left,300,3
Square,MonteCarloStateSingle-Time300,1,8,0,8,8.062257748,8,0,13,8,1,9,11,13,7,8,12,5,15,9,11,5,15,1,-1,8,0,9,3,Right,Left,300,3
Square,MonteCarloStateSingle-Time300,0,6,1,6,6,6.08276253,0,11,1,6,9,11,11,9,9,11,5,15,8,12,5,15,1,0,9,-1,8,4,Up,Right,300,3
Square,MonteCarloStateSingle-Time300,0,5,0,4,5,4,0,9,1,1,9,11,9,11,9,11,4,16,9,11,5,15,1,0,9,0,9,5,Down,Up,300,3
Square,MonteCarloStateSingle-Time300,1,3,1,4,3.16227766,4.123105626,1,8,3,4,10,10,8,12,9,11,5,15,9,11,4,16,1,0,9,0,9,6,Up,Up,300,3
Square,MonteCarloStateSingle-Time300,3,4,3,5,5,5.830951895,3,8,1,1,12,8,8,12,9,11,4,16,9,11,3,17,1,0,9,0,9,7,Down,Down,300,3
Square,MonteCarloStateSingle-Time300,5,3,5,4,5.830951895,6.403124237,5,8,0,0,14,6,8,12,9,11,5,15,9,11,4,16,1,0,9,0,9,8,Right,Right,300,3
Square,MonteCarloStateSingle-Time300,6,3,6,4,6.708203932,7.211102551,7,8,0,0,16,4,8,12,10,10,5,15,10,10,4,16,1,1,10,1,10,9,Right,Up,300,3
Square,MonteCarloStateSingle-Time300,7,3,8,5,7.615773106,9.433981132,9,8,0,0,18,2,8,12,11,9,5,15,10,10,3,17,2,2,11,1,10,10,Right,Right,300,3
Square,MonteCarloStateSingle-Time300,6,1,7,3,6.08276253,7.615773106,9,6,0,0,18,2,6,14,12,8,5,15,11,9,3,17,2,3,12,2,11,11,Right,Right,300,3
Square,MonteCarloStateSingle-Time300,5,-1,6,1,5.099019514,6.08276253,9,4,0,0,18,2,4,16,13,7,5,15,12,8,3,17,2,4,13,3,12,12,Up,Up,300,3
Square,MonteCarloStateSingle-Time300,5,-2,6,0,5.385164807,6,9,2,0,0,18,2,2,18,13,7,4,16,12,8,2,18,2,4,13,3,12,13,Up,Up,300,3
Square,MonteCarloStateSingle-Time300,3,-1,4,1,3.16227766,4.123105626,7,2,0,0,16,4,2,18,13,7,3,17,12,8,1,19,2,4,13,3,12,14,Up,Right,300,3
Square,MonteCarloStateSingle-Time300,1,0,1,1,1,1.414213562,5,2,0,1,14,6,2,18,13,7,2,18,13,7,1,19,1,4,13,4,13,15,Right,Right,300,3
Square,MonteCarloStateSingle-Time300,1,12,-2,12,12.04159458,12.16552506,0,17,12,-6,9,11,17,3,8,12,5,15,11,9,5,15,3,-1,8,2,11,1,Right,Left,300,3
Square,MonteCarloStateSingle-Time300,0,10,-1,10,10,10.04987562,0,15,1,-10,9,11,15,5,9,11,5,15,10,10,5,15,1,0,9,1,10,2,Left,Down,300,3
Square,MonteCarloStateSingle-Time300,1,8,-1,7,8.062257748,7.071067812,0,13,8,-7,9,11,13,7,8,12,5,15,10,10,6,14,2,-1,8,1,10,3,Right,Left,300,3
Square,MonteCarloStateSingle-Time300,0,6,0,5,6,5,0,11,1,1,9,11,11,9,9,11,5,15,9,11,6,14,1,0,9,0,9,4,Left,Left,300,3
Square,MonteCarloStateSingle-Time300,1,4,1,3,4.123105626,3.16227766,0,9,4,3,9,11,9,11,8,12,5,15,8,12,6,14,1,-1,8,-1,8,5,Down,Up,300,3
Square,MonteCarloStateSingle-Time300,3,3,3,4,4.242640687,5,2,9,1,1,11,9,9,11,8,12,6,14,8,12,5,15,1,-1,8,-1,8,6,Right,Right,300,3
Square,MonteCarloStateSingle-Time300,4,3,4,4,5,5.656854249,4,9,0,1,13,7,9,11,9,11,6,14,9,11,5,15,1,0,9,0,9,7,Right,Up,300,3
Square,MonteCarloStateSingle-Time300,5,3,6,5,5.830951895,7.810249676,6,9,0,0,15,5,9,11,10,10,6,14,9,11,4,16,2,1,10,0,9,8,Right,Right,300,3
Square,MonteCarloStateSingle-Time300,6,3,7,5,6.708203932,8.602325267,8,9,0,0,17,3,9,11,11,9,6,14,10,10,4,16,2,2,11,1,10,9,Up,Right,300,3
Square,MonteCarloStateSingle-Time300,7,3,7,4,7.615773106,8.062257748,9,8,0,0,18,2,8,12,11,9,5,15,11,9,4,16,1,2,11,2,11,10,Right,Down,300,3
Square,MonteCarloStateSingle-Time300,6,1,7,1,6.08276253,7.071067812,9,6,0,0,18,2,6,14,12,8,5,15,11,9,5,15,1,3,12,2,11,11,Right,Up,300,3
Square,MonteCarloStateSingle-Time300,5,-1,7,0,5.099019514,7,9,4,0,0,18,2,4,16,13,7,5,15,11,9,4,16,2,4,13,2,11,12,Right,Right,300,3
Square,MonteCarloStateSingle-Time300,4,-3,6,-2,5,6.32455532,9,2,0,0,18,2,2,18,14,6,5,15,12,8,4,16,2,5,14,3,12,13,Right,Up,300,3
Square,MonteCarloStateSingle-Time300,1,-3,4,-1,3.16227766,4.123105626,7,2,-3,0,16,4,2,18,15,5,5,15,12,8,3,17,4,6,15,3,12,14,Up,Up,300,3
Square,MonteCarloStateSingle-Time300,-1,-2,2,0,2.236067977,2,5,2,2,0,14,6,2,18,15,5,4,16,12,8,2,18,4,6,15,3,12,15,Left,Left,300,3
Square,MonteCarloStateSingle-Time300,-2,-2,1,0,2.828427125,1,3,2,1,0,12,8,2,18,14,6,4,16,11,9,2,18,4,5,14,2,11,16,Up,Right,300,3
Square,MonteCarloStateSingle-Time300,2,14,-1,14,14.14213562,14.03566885,1,19,7,-14,10,10,19,1,8,12,5,15,11,9,5,15,3,-1,8,2,11,0,Down,Left,300,3
Square,MonteCarloStateSingle-Time300,2,11,0,12,11.18033989,12,1,17,5,1,10,10,17,3,8,12,6,14,10,10,5,15,2,-1,8,1,10,1,Right,Down,300,3
Square,MonteCarloStateSingle-Time300,1,9,0,9,9.055385138,9,1,15,9,1,10,10,15,5,9,11,6,14,10,10,6,14,1,0,9,1,10,2,Right,Left,300,3
Square,MonteCarloStateSingle-Time300,0,7,1,7,7,7.071067812,1,13,1,7,10,10,13,7,10,10,6,14,9,11,6,14,1,1,10,0,9,3,Down,Right,300,3
Square,MonteCarloStateSingle-Time300,0,4,0,5,4,5,1,11,1,1,10,10,11,9,10,10,7,13,10,10,6,14,1,1,10,1,10,4,Up,Left,300,3
Square,MonteCarloStateSingle-Time300,0,3,1,3,3,3.16227766,1,9,1,3,10,10,9,11,10,10,6,14,9,11,6,14,1,1,10,0,9,5,Up,Up,300,3
Square,MonteCarloStateSingle-Time300,-1,3,0,3,3.16227766,3,0,8,-3,1,9,11,8,12,10,10,5,15,9,11,5,15,1,1,10,0,9,6,Up,Up,300,3
Square,MonteCarloStateSingle-Time300,-3,4,-2,4,5,4.472135955,-2,8,-1,-2,7,13,8,12,10,10,4,16,9,11,4,16,1,1,10,0,9,7,Left,Down,300,3
Square,MonteCarloStateSingle-Time300,-4,4,-4,3,5.656854249,5,-4,8,-1,0,5,15,8,12,9,11,4,16,9,11,5,15,1,0,9,0,9,8,Left,Left,300,3
Square,MonteCarloStateSingle-Time300,-5,4,-5,3,6.403124237,5.830951895,-6,8,0,0,3,17,8,12,8,12,4,16,8,12,5,15,1,-1,8,-1,8,9,Left,Left,300,3
Square,MonteCarloStateSingle-Time300,-5,3,-5,2,5.830951895,5.385164807,-7,7,0,0,2,18,7,13,7,13,4,16,7,13,5,15,1,-2,7,-2,7,10,Down,Left,300,3
Square,MonteCarloStateSingle-Time300,-5,0,-4,0,5,4,-7,5,0,0,2,18,5,15,7,13,5,15,6,14,5,15,1,-2,7,-3,6,11,Left,Left,300,3
Square,MonteCarloStateSingle-Time300,-4,-2,-3,-2,4.472135955,3.605551275,-7,3,0,0,2,18,3,17,6,14,5,15,5,15,5,15,1,-3,6,-4,5,12,Up,Up,300,3
Square,MonteCarloStateSingle-Time300,-3,-2,-2,-2,3.605551275,2.828427125,-6,2,0,1,3,17,2,18,6,14,4,16,5,15,4,16,1,-3,6,-4,5,13,Up,Up,300,3
Square,MonteCarloStateSingle-Time300,-1,-1,0,-1,1.414213562,1,-4,2,1,1,5,15,2,18,6,14,3,17,5,15,3,17,1,-3,6,-4,5,14,Up,Up,300,3
Square,MonteCarloStateSingle-Time300,1,14,-2,14,14.03566885,14.14213562,0,19,14,-7,9,11,19,1,8,12,5,15,11,9,5,15,3,-1,8,2,11,0,Right,Left,300,3
Square,MonteCarloStateSingle-Time300,0,12,-1,12,12,12.04159458,0,17,1,-12,9,11,17,3,9,11,5,15,10,10,5,15,1,0,9,1,10,1,Down,Down,300,3
Square,MonteCarloStateSingle-Time300,0,9,-1,9,9,9.055385138,0,15,1,-9,9,11,15,5,9,11,6,14,10,10,6,14,1,0,9,1,10,2,Left,Left,300,3
Square,MonteCarloStateSingle-Time300,1,7,0,7,7.071067812,7,0,13,7,1,9,11,13,7,8,12,6,14,9,11,6,14,1,-1,8,0,9,3,Right,Down,300,3
Square,MonteCarloStateSingle-Time300,0,5,0,4,5,4,0,11,1,1,9,11,11,9,9,11,6,14,9,11,7,13,1,0,9,0,9,4,Down,Down,300,3
Square,MonteCarloStateSingle-Time300,-2,4,-2,3,4.472135955,3.605551275,-2,11,-2,-1,7,13,11,9,9,11,7,13,9,11,8,12,1,0,9,0,9,5,Down,Left,300,3
Square,MonteCarloStateSingle-Time300,-4,3,-3,3,5,4.242640687,-4,11,0,-1,5,15,11,9,9,11,8,12,8,12,8,12,1,0,9,-1,8,6,Left,Left,300,3
Square,MonteCarloStateSingle-Time300,-5,3,-4,3,5.830951895,5,-6,11,0,0,3,17,11,9,8,12,8,12,7,13,8,12,1,-1,8,-2,7,7,Up,Up,300,3
Square,MonteCarloStateSingle-Time300,-6,3,-5,3,6.708203932,5.830951895,-7,10,0,0,2,18,10,10,8,12,7,13,7,13,7,13,1,-1,8,-2,7,8,Left,Up,300,3
Square,MonteCarloStateSingle-Time300,-5,1,-5,2,5.099019514,5.385164807,-7,8,0,0,2,18,8,12,7,13,7,13,7,13,6,14,1,-2,7,-2,7,9,Left,Up,300,3
Square,MonteCarloStateSingle-Time300,-4,-1,-5,1,4.123105626,5.099019514,-7,6,0,0,2,18,6,14,6,14,7,13,7,13,5,15,2,-3,6,-2,7,10,Up,Up,300,3
Square,MonteCarloStateSingle-Time300,-4,-2,-5,0,4.472135955,5,-7,4,0,0,2,18,4,16,6,14,6,14,7,13,4,16,2,-3,6,-2,7,11,Up,Up,300,3
Square,MonteCarloStateSingle-Time300,-4,-3,-5,-1,5,5.099019514,-7,2,0,0,2,18,2,18,6,14,5,15,7,13,3,17,2,-3,6,-2,7,12,Up,Up,300,3
Square,MonteCarloStateSingle-Time300,-2,-2,-3,0,2.828427125,3,-5,2,1,0,4,16,2,18,6,14,4,16,7,13,2,18,2,-3,6,-2,7,13,Up,Up,300,3
Square,MonteCarloStateSingle-Time300,0,-1,-1,1,1,1.414213562,-3,2,1,-1,6,14,2,18,6,14,3,17,7,13,1,19,2,-3,6,-2,7,14,Up,Left,300,3
Square,MonteCarloStateSingle-Time300,1,14,-2,14,14.03566885,14.14213562,0,19,14,-7,9,11,19,1,8,12,5,15,11,9,5,15,3,-1,8,2,11,0,Down,Down,300,3
Square,MonteCarloStateSingle-Time300,1,11,-2,11,11.04536102,11.18033989,0,17,11,-5,9,11,17,3,8,12,6,14,11,9,6,14,3,-1,8,2,11,1,Right,Down,300,3
Square,MonteCarloStateSingle-Time300,0,9,-2,8,9,8.246211251,0,15,1,-4,9,11,15,5,9,11,6,14,11,9,7,13,2,0,9,2,11,2,Down,Down,300,3
Square,MonteCarloStateSingle-Time300,0,6,-2,5,6,5.385164807,0,13,1,-2,9,11,13,7,9,11,7,13,11,9,8,12,2,0,9,2,11,3,Left,Left,300,3
Square,MonteCarloStateSingle-Time300,1,4,-1,3,4.123105626,3.16227766,0,11,4,-3,9,11,11,9,8,12,7,13,10,10,8,12,2,-1,8,1,10,4,Right,Left,300,3
Square,MonteCarloStateSingle-Time300,2,4,2,3,4.472135955,3.605551275,2,11,2,1,11,9,11,9,9,11,7,13,9,11,8,12,1,0,9,0,9,5,Up,Up,300,3
Square,MonteCarloStateSingle-Time300,4,5,4,4,6.403124237,5.656854249,4,11,1,1,13,7,11,9,9,11,6,14,9,11,7,13,1,0,9,0,9,6,Down,Right,300,3
Square,MonteCarloStateSingle-Time300,6,4,5,4,7.211102551,6.403124237,6,11,0,0,15,5,11,9,9,11,7,13,10,10,7,13,1,0,9,1,10,7,Right,Right,300,3
Square,MonteCarloStateSingle-Time300,7,4,6,4,8.062257748,7.211102551,8,11,0,0,17,3,11,9,10,10,7,13,11,9,7,13,1,1,10,2,11,8,Up,Right,300,3
Square,MonteCarloStateSingle-Time300,8,4,6,3,8.94427191,6.708203932,9,10,0,0,18,2,10,10,10,10,6,14,12,8,7,13,2,1,10,3,12,9,Down,Up,300,3
Square,MonteCarloStateSingle-Time300,8,1,6,2,8.062257748,6.32455532,9,8,0,0,18,2,8,12,10,10,7,13,12,8,6,14,2,1,10,3,12,10,Up,Right,300,3
Square,MonteCarloStateSingle-Time300,8,0,5,0,8,5,9,6,0,0,18,2,6,14,10,10,6,14,13,7,6,14,3,1,10,4,13,11,Up,Right,300,3
Square,MonteCarloStateSingle-Time300,8,-1,4,-2,8.062257748,4.472135955,9,4,0,0,18,2,4,16,10,10,5,15,14,6,6,14,4,1,10,5,14,12,Up,Right,300,3
Square,MonteCarloStateSingle-Time300,8,-2,3,-4,8.246211251,5,9,2,0,-1,18,2,2,18,10,10,4,16,15,5,6,14,5,1,10,6,15,13,Up,Up,300,3
Square,MonteCarloStateSingle-Time300,6,-1,1,-3,6.08276253,3.16227766,7,2,0,-3,16,4,2,18,10,10,3,17,15,5,5,15,5,1,10,6,15,14,Right,Right,300,3
Square,MonteCarloStateSingle-Time300,3,-1,-2,-3,3.16227766,3.605551275,5,2,0,1,14,6,2,18,11,9,3,17,16,4,5,15,5,2,11,7,16,15,Up,Right,300,3
Square,MonteCarloStateSingle-Time300,1,0,-5,-3,1,5.830951895,3,2,0,0,12,8,2,18,11,9,2,18,17,3,5,15,7,2,11,8,17,16,Right,Right,300,3
Square,MonteCarloStateSingle-Time300,1,12,-2,12,12.04159458,12.16552506,0,17,12,-6,9,11,17,3,8,12,5,15,11,9,5,15,3,-1,8,2,11,1,Down,Left,300,3
Square,MonteCarloStateSingle-Time300,1,9,-1,10,9.055385138,10.04987562,0,15,9,-10,9,11,15,5,8,12,6,14,10,10,5,15,2,-1,8,1,10,2,Right,Down,300,3
Square,MonteCarloStateSingle-Time300,0,7,-1,7,7,7.071067812,0,13,1,-7,9,11,13,7,9,11,6,14,10,10,6,14,1,0,9,1,10,3,Up,Left,300,3
Square,MonteCarloStateSingle-Time300,0,6,0,5,6,5,0,11,1,1,9,11,11,9,9,11,5,15,9,11,6,14,1,0,9,0,9,4,Up,Left,300,3
Square,MonteCarloStateSingle-Time300,0,5,1,3,5,3.16227766,0,9,1,3,9,11,9,11,9,11,4,16,8,12,6,14,2,0,9,-1,8,5,Left,Down,300,3
Square,MonteCarloStateSingle-Time300,1,3,1,0,3.16227766,1,0,7,3,0,9,11,7,13,8,12,4,16,8,12,7,13,3,-1,8,-1,8,6,Up,Right,300,3
Square,MonteCarloStateSingle-Time300,1,12,-2,12,12.04159458,12.16552506,0,17,12,-6,9,11,17,3,8,12,5,15,11,9,5,15,3,-1,8,2,11,1,Right,Left,300,3
Square,MonteCarloStateSingle-Time300,0,10,-1,10,10,10.04987562,0,15,1,-10,9,11,15,5,9,11,5,15,10,10,5,15,1,0,9,1,10,2,Down,Left,300,3
Square,MonteCarloStateSingle-Time300,0,7,0,8,7,8,0,13,1,1,9,11,13,7,9,11,6,14,9,11,5,15,1,0,9,0,9,3,Left,Left,300,3
Square,MonteCarloStateSingle-Time300,1,5,1,6,5.099019514,6.08276253,0,11,5,6,9,11,11,9,8,12,6,14,8,12,5,15,1,-1,8,-1,8,4,Right,Down,300,3
Square,MonteCarloStateSingle-Time300,0,3,1,3,3,3.16227766,0,9,1,3,9,11,9,11,9,11,6,14,8,12,6,14,1,0,9,-1,8,5,Up,Up,300,3
Square,MonteCarloStateSingle-Time300,1,3,2,3,3.16227766,3.605551275,1,8,3,1,10,10,8,12,9,11,5,15,8,12,5,15,1,0,9,-1,8,6,Up,Up,300,3
Square,MonteCarloStateSingle-Time300,3,4,4,4,5,5.656854249,3,8,1,1,12,8,8,12,9,11,4,16,8,12,4,16,1,0,9,-1,8,7,Right,Up,300,3
Square,MonteCarloStateSingle-Time300,4,4,6,5,5.656854249,7.810249676,5,8,1,0,14,6,8,12,10,10,4,16,8,12,3,17,2,1,10,-1,8,8,Up,Right,300,3
Square,MonteCarloStateSingle-Time300,6,5,7,5,7.810249676,8.602325267,7,8,0,0,16,4,8,12,10,10,3,17,9,11,3,17,1,1,10,0,9,9,Up,Down,300,3
Square,MonteCarloStateSingle-Time300,8,6,9,4,10,9.848857802,9,8,0,0,18,2,8,12,10,10,2,18,9,11,4,16,2,1,10,0,9,10,Down,Right,300,3
Square,MonteCarloStateSingle-Time300,8,3,8,2,8.544003745,8.246211251,9,6,0,0,18,2,6,14,10,10,3,17,10,10,4,16,1,1,10,1,10,11,Up,Up,300,3
Square,MonteCarloStateSingle-Time300,8,2,8,1,8.246211251,8.062257748,9,4,0,0,18,2,4,16,10,10,2,18,10,10,3,17,1,1,10,1,10,12,Down,Right,300,3
Square,MonteCarloStateSingle-Time300,8,-1,7,-1,8.062257748,7.071067812,9,2,0,0,18,2,2,18,10,10,3,17,11,9,3,17,1,1,10,2,11,13,Up,Up,300,3
Square,MonteCarloStateSingle-Time300,6,0,5,0,6,5,7,2,0,0,16,4,2,18,10,10,2,18,11,9,2,18,1,1,10,2,11,14,Up,Right,300,3
Square,MonteCarloStateSingle-Time300,4,1,2,0,4.123105626,2,5,2,0,0,14,6,2,18,10,10,1,19,12,8,2,18,2,1,10,3,12,15,Up,Up,300,3
Square,MonteCarloStateSingle-Time300,2,2,0,1,2.828427125,1,3,2,1,1,12,8,2,18,10,10,0,20,12,8,1,19,2,1,10,3,12,16,Right,Down,300,3
Square,MonteCarloStateSingle-Time300,1,12,-2,12,12.04159458,12.16552506,0,17,12,-6,9,11,17,3,8,12,5,15,11,9,5,15,3,-1,8,2,11,1,Down,Left,300,3
Square,MonteCarloStateSingle-Time300,1,9,-1,10,9.055385138,10.04987562,0,15,9,-10,9,11,15,5,8,12,6,14,10,10,5,15,2,-1,8,1,10,2,Right,Down,300,3
Square,MonteCarloStateSingle-Time300,0,7,-1,7,7,7.071067812,0,13,1,-7,9,11,13,7,9,11,6,14,10,10,6,14,1,0,9,1,10,3,Down,Down,300,3
Square,MonteCarloStateSingle-Time300,0,4,-1,4,4,4.123105626,0,11,1,-4,9,11,11,9,9,11,7,13,10,10,7,13,1,0,9,1,10,4,Left,Up,300,3
Square,MonteCarloStateSingle-Time300,0,3,-2,4,3,4.472135955,-1,10,1,-2,8,12,10,10,8,12,7,13,10,10,6,14,2,-1,8,1,10,5,Up,Up,300,3
Square,MonteCarloStateSingle-Time300,-2,4,-4,5,4.472135955,6.403124237,-3,10,-2,-1,6,14,10,10,8,12,6,14,10,10,5,15,2,-1,8,1,10,6,Left,Left,300,3
Square,MonteCarloStateSingle-Time300,-3,4,-5,5,5,7.071067812,-5,10,-1,-1,4,16,10,10,7,13,6,14,9,11,5,15,2,-2,7,0,9,7,Left,Left,300,3
Square,MonteCarloStateSingle-Time300,-4,4,-6,5,5.656854249,7.810249676,-7,10,-1,0,2,18,10,10,6,14,6,14,8,12,5,15,2,-3,6,-1,8,8,Left,Up,300,3
Square,MonteCarloStateSingle-Time300,-3,2,-6,4,3.605551275,7.211102551,-7,8,0,0,2,18,8,12,5,15,6,14,8,12,4,16,4,-4,5,-1,8,9,Up,Left,300,3
Square,MonteCarloStateSingle-Time300,-3,1,-5,2,3.16227766,5.385164807,-7,6,0,0,2,18,6,14,5,15,5,15,7,13,4,16,2,-4,5,-2,7,10,Left,Left,300,3
Square,MonteCarloStateSingle-Time300,-2,-1,-4,0,2.236067977,4,-7,4,0,0,2,18,4,16,4,16,5,15,6,14,4,16,2,-5,4,-3,6,11,Left,Left,300,3
Square,MonteCarloStateSingle-Time300,-1,-3,-3,-2,3.16227766,3.605551275,-7,2,3,0,2,18,2,18,3,17,5,15,5,15,4,16,2,-6,3,-4,5,12,Up,Up,300,3
Square,MonteCarloStateSingle-Time300,1,-2,-1,-1,2.236067977,1.414213562,-5,2,-2,1,4,16,2,18,3,17,4,16,5,15,3,17,2,-6,3,-4,5,13,Right,Right,300,3
Square,MonteCarloStateSingle-Time300,2,-2,0,-1,2.828427125,1,-3,2,-1,1,6,14,2,18,4,16,4,16,6,14,3,17,2,-5,4,-3,6,14,Up,Up,300,3
Square,MonteCarloStateSingle-Time300,1,12,-2,12,12.04159458,12.16552506,0,17,12,-6,9,11,17,3,8,12,5,15,11,9,5,15,3,-1,8,2,11,1,Right,Down,300,3
Square,MonteCarloStateSingle-Time300,0,10,-2,9,10,9.219544457,0,15,1,-4,9,11,15,5,9,11,5,15,11,9,6,14,2,0,9,2,11,2,Down,Down,300,3
Square,MonteCarloStateSingle-Time300,0,7,-2,6,7,6.32455532,0,13,1,-3,9,11,13,7,9,11,6,14,11,9,7,13,2,0,9,2,11,3,Left,Up,300,3
Square,MonteCarloStateSingle-Time300,1,5,-2,5,5.099019514,5.385164807,0,11,5,-2,9,11,11,9,8,12,6,14,11,9,6,14,3,-1,8,2,11,4,Down,Up,300,3
Square,MonteCarloStateSingle-Time300,0,3,-3,5,3,5.830951895,-1,10,1,-1,8,12,10,10,8,12,7,13,11,9,5,15,4,-1,8,2,11,5,Up,Up,300,3
Square,MonteCarloStateSingle-Time300,-2,4,-5,6,4.472135955,7.810249676,-3,10,-2,-1,6,14,10,10,8,12,6,14,11,9,4,16,4,-1,8,2,11,6,Left,Up,300,3
Square,MonteCarloStateSingle-Time300,-3,4,-7,7,5,9.899494937,-5,10,-1,-1,4,16,10,10,7,13,6,14,11,9,3,17,5,-2,7,2,11,7,Up,Left,300,3
Square,MonteCarloStateSingle-Time300,-5,5,-8,7,7.071067812,10.63014581,-7,10,-1,0,2,18,10,10,7,13,5,15,10,10,3,17,4,-2,7,1,10,8,Left,Down,300,3
Square,MonteCarloStateSingle-Time300,-4,3,-8,4,5,8.94427191,-7,8,0,0,2,18,8,12,6,14,5,15,10,10,4,16,4,-3,6,1,10,9,Up,Left,300,3
Square,MonteCarloStateSingle-Time300,-4,2,-7,2,4.472135955,7.280109889,-7,6,0,0,2,18,6,14,6,14,4,16,9,11,4,16,3,-3,6,0,9,10,Left,Up,300,3
Square,MonteCarloStateSingle-Time300,-3,0,-7,1,3,7.071067812,-7,4,0,0,2,18,4,16,5,15,4,16,9,11,3,17,4,-4,5,0,9,11,Left,Left,300,3
Square,MonteCarloStateSingle-Time300,-2,-2,-6,-1,2.828427125,6.08276253,-7,2,1,0,2,18,2,18,4,16,4,16,8,12,3,17,4,-5,4,-1,8,12,Up,Up,300,3
Square,MonteCarloStateSingle-Time300,0,-1,-4,0,1,4,-5,2,1,0,4,16,2,18,4,16,3,17,8,12,2,18,4,-5,4,-1,8,13,Up,Left,300,3
Square,MonteCarloStateSingle-Time300,1,14,-2,14,14.03566885,14.14213562,0,19,14,-7,9,11,19,1,8,12,5,15,11,9,5,15,3,-1,8,2,11,0,Down,Down,300,3
Square,MonteCarloStateSingle-Time300,1,11,-2,11,11.04536102,11.18033989,0,17,11,-5,9,11,17,3,8,12,6,14,11,9,6,14,3,-1,8,2,11,1,Down,Left,300,3
Square,MonteCarloStateSingle-Time300,1,8,-1,9,8.062257748,9.055385138,0,15,8,-9,9,11,15,5,8,12,7,13,10,10,6,14,2,-1,8,1,10,2,Right,Down,300,3
Square,MonteCarloStateSingle-Time300,0,6,-1,6,6,6.08276253,0,13,1,-6,9,11,13,7,9,11,7,13,10,10,7,13,1,0,9,1,10,3,Left,Left,300,3
Square,MonteCarloStateSingle-Time300,1,4,0,4,4.123105626,4,0,11,4,1,9,11,11,9,8,12,7,13,9,11,7,13,1,-1,8,0,9,4,Up,Left,300,3
Square,MonteCarloStateSingle-Time300,0,4,0,3,4,3,-1,10,1,1,8,12,10,10,8,12,6,14,8,12,7,13,1,-1,8,-1,8,5,Right,Up,300,3
Square,MonteCarloStateSingle-Time300,-3,4,-2,4,5,4.472135955,-3,10,-1,-2,6,14,10,10,9,11,6,14,8,12,6,14,1,0,9,-1,8,6,Up,Left,300,3
Square,MonteCarloStateSingle-Time300,-5,5,-3,4,7.071067812,5,-5,10,-1,-1,4,16,10,10,9,11,5,15,7,13,6,14,2,0,9,-2,7,7,Down,Left,300,3
Square,MonteCarloStateSingle-Time300,-7,4,-4,4,8.062257748,5.656854249,-7,10,0,-1,2,18,10,10,9,11,6,14,6,14,6,14,3,0,9,-3,6,8,Down,Left,300,3
Square,MonteCarloStateSingle-Time300,-7,1,-3,2,7.071067812,3.605551275,-7,8,0,0,2,18,8,12,9,11,7,13,5,15,6,14,4,0,9,-4,5,9,Left,Up,300,3
Square,MonteCarloStateSingle-Time300,-6,-1,-3,1,6.08276253,3.16227766,-7,6,0,0,2,18,6,14,8,12,7,13,5,15,5,15,4,-1,8,-4,5,10,Up,Left,300,3
Square,MonteCarloStateSingle-Time300,-6,-2,-2,-1,6.32455532,2.236067977,-7,4,0,0,2,18,4,16,8,12,6,14,4,16,5,15,4,-1,8,-5,4,11,Left,Up,300,3
Square,MonteCarloStateSingle-Time300,-5,-4,-2,-2,6.403124237,2.828427125,-7,2,0,1,2,18,2,18,7,13,6,14,4,16,4,16,4,-2,7,-5,4,12,Left,Up,300,3
Square,MonteCarloStateSingle-Time300,-2,-4,0,-1,4.472135955,1,-5,2,2,1,4,16,2,18,6,14,6,14,4,16,3,17,4,-3,6,-5,4,13,Up,Up,300,3
Square,MonteCarloStateSingle-Time300,1,14,-2,14,14.03566885,14.14213562,0,19,14,-7,9,11,19,1,8,12,5,15,11,9,5,15,3,-1,8,2,11,0,Down,Down,300,3
Square,MonteCarloStateSingle-Time300,1,11,-2,11,11.04536102,11.18033989,0,17,11,-5,9,11,17,3,8,12,6,14,11,9,6,14,3,-1,8,2,11,1,Down,Down,300,3
Square,MonteCarloStateSingle-Time300,1,8,-2,8,8.062257748,8.246211251,0,15,8,-4,9,11,15,5,8,12,7,13,11,9,7,13,3,-1,8,2,11,2,Down,Down,300,3
Square,MonteCarloStateSingle-Time300,1,5,-2,5,5.099019514,5.385164807,0,13,5,-2,9,11,13,7,8,12,8,12,11,9,8,12,3,-1,8,2,11,3,Right,Down,300,3
Square,MonteCarloStateSingle-Time300,1,4,-1,3,4.123105626,3.16227766,1,12,4,-3,10,10,12,8,9,11,8,12,11,9,9,11,2,0,9,2,11,4,Up,Up,300,3
Square,MonteCarloStateSingle-Time300,3,5,1,4,5.830951895,4.123105626,3,12,1,4,12,8,12,8,9,11,7,13,11,9,8,12,2,0,9,2,11,5,Up,Right,300,3
Square,MonteCarloStateSingle-Time300,5,6,2,4,7.810249676,4.472135955,5,12,1,2,14,6,12,8,9,11,6,14,12,8,8,12,4,0,9,3,12,6,Right,Down,300,3
Square,MonteCarloStateSingle-Time300,6,6,4,3,8.485281374,5,7,12,1,0,16,4,12,8,10,10,6,14,12,8,9,11,4,1,10,3,12,7,Right,Down,300,3
Square,MonteCarloStateSingle-Time300,7,6,6,2,9.219544457,6.32455532,9,12,0,0,18,2,12,8,11,9,6,14,12,8,10,10,4,2,11,3,12,8,Down,Right,300,3
Square,MonteCarloStateSingle-Time300,7,3,5,0,7.615773106,5,9,10,0,0,18,2,10,10,11,9,7,13,13,7,10,10,4,2,11,4,13,9,Right,Up,300,3
Square,MonteCarloStateSingle-Time300,6,1,5,-1,6.08276253,5.099019514,9,8,0,0,18,2,8,12,12,8,7,13,13,7,9,11,2,3,12,4,13,10,Up,Right,300,3
Square,MonteCarloStateSingle-Time300,6,0,4,-3,6,5,9,6,0,0,18,2,6,14,12,8,6,14,14,6,9,11,4,3,12,5,14,11,Up,Right,300,3
Square,MonteCarloStateSingle-Time300,6,-1,3,-5,6.08276253,5.830951895,9,4,0,-1,18,2,4,16,12,8,5,15,15,5,9,11,5,3,12,6,15,12,Up,Right,300,3
Square,MonteCarloStateSingle-Time300,6,-2,2,-7,6.32455532,7.280109889,9,2,0,-3,18,2,2,18,12,8,4,16,16,4,9,11,6,3,12,7,16,13,Up,Right,300,3
Square,MonteCarloStateSingle-Time300,4,-1,-1,-7,4.123105626,7.071067812,7,2,0,7,16,4,2,18,12,8,3,17,17,3,9,11,8,3,12,8,17,14,Up,Up,300,3
Square,MonteCarloStateSingle-Time300,2,0,-3,-6,2,6.708203932,5,2,0,2,14,6,2,18,12,8,2,18,17,3,8,12,8,3,12,8,17,15,Up,Right,300,3
Square,MonteCarloStateSingle-Time300,0,1,-6,-6,1,8.485281374,3,2,1,1,12,8,2,18,12,8,1,19,18,2,8,12,9,3,12,9,18,16,Down,Right,300,3
Square,MonteCarloStateSingle-Time300,1,12,-2,12,12.04159458,12.16552506,0,17,12,-6,9,11,17,3,8,12,5,15,11,9,5,15,3,-1,8,2,11,1,Right,Down,300,3
Square,MonteCarloStateSingle-Time300,0,10,-2,9,10,9.219544457,0,15,1,-4,9,11,15,5,9,11,5,15,11,9,6,14,2,0,9,2,11,2,Down,Left,300,3
Square,MonteCarloStateSingle-Time300,0,7,-1,7,7,7.071067812,0,13,1,-7,9,11,13,7,9,11,6,14,10,10,6,14,1,0,9,1,10,3,Left,Down,300,3
Square,MonteCarloStateSingle-Time300,1,5,-1,4,5.099019514,4.123105626,0,11,5,-4,9,11,11,9,8,12,6,14,10,10,7,13,2,-1,8,1,10,4,Up,Up,300,3
Square,MonteCarloStateSingle-Time300,1,4,-1,3,4.123105626,3.16227766,0,9,4,-3,9,11,9,11,8,12,5,15,10,10,6,14,2,-1,8,1,10,5,Right,Up,300,3
Square,MonteCarloStateSingle-Time300,-1,3,-2,3,3.16227766,3.605551275,-1,8,-3,-1,8,12,8,12,9,11,5,15,10,10,5,15,1,0,9,1,10,6,Up,Up,300,3
Square,MonteCarloStateSingle-Time300,-3,4,-4,4,5,5.656854249,-3,8,-1,-1,6,14,8,12,9,11,4,16,10,10,4,16,1,0,9,1,10,7,Left,Down,300,3
Square,MonteCarloStateSingle-Time300,-4,4,-6,3,5.656854249,6.708203932,-5,8,-1,0,4,16,8,12,8,12,4,16,10,10,5,15,2,-1,8,1,10,8,Left,Up,300,3
Square,MonteCarloStateSingle-Time300,-5,4,-8,4,6.403124237,8.94427191,-7,8,0,0,2,18,8,12,7,13,4,16,10,10,4,16,3,-2,7,1,10,9,Left,Up,300,3
Square,MonteCarloStateSingle-Time300,-4,2,-8,3,4.472135955,8.544003745,-7,6,0,0,2,18,6,14,6,14,4,16,10,10,3,17,4,-3,6,1,10,10,Left,Left,300,3
Square,MonteCarloStateSingle-Time300,-3,0,-7,1,3,7.071067812,-7,4,0,0,2,18,4,16,5,15,4,16,9,11,3,17,4,-4,5,0,9,11,Left,Left,300,3
Square,MonteCarloStateSingle-Time300,-2,-2,-6,-1,2.828427125,6.08276253,-7,2,1,0,2,18,2,18,4,16,4,16,8,12,3,17,4,-5,4,-1,8,12,Up,Up,300,3
Square,MonteCarloStateSingle-Time300,0,-1,-4,0,1,4,-5,2,1,0,4,16,2,18,4,16,3,17,8,12,2,18,4,-5,4,-1,8,13,Up,Left,300,3
Square,MonteCarloStateSingle-Time300,1,12,-2,12,12.04159458,12.16552506,0,17,12,-6,9,11,17,3,8,12,5,15,11,9,5,15,3,-1,8,2,11,1,Right,Left,300,3
Square,MonteCarloStateSingle-Time300,0,10,-1,10,10,10.04987562,0,15,1,-10,9,11,15,5,9,11,5,15,10,10,5,15,1,0,9,1,10,2,Down,Down,300,3
Square,MonteCarloStateSingle-Time300,0,7,-1,7,7,7.071067812,0,13,1,-7,9,11,13,7,9,11,6,14,10,10,6,14,1,0,9,1,10,3,Left,Down,300,3
Square,MonteCarloStateSingle-Time300,1,5,-1,4,5.099019514,4.123105626,0,11,5,-4,9,11,11,9,8,12,6,14,10,10,7,13,2,-1,8,1,10,4,Down,Right,300,3
Square,MonteCarloStateSingle-Time300,2,3,-1,3,3.605551275,3.16227766,1,10,1,-3,10,10,10,10,8,12,7,13,11,9,7,13,3,-1,8,2,11,5,Right,Right,300,3
Square,MonteCarloStateSingle-Time300,3,3,0,3,4.242640687,3,3,10,1,1,12,8,10,10,9,11,7,13,12,8,7,13,3,0,9,3,12,6,Up,Up,300,3
Square,MonteCarloStateSingle-Time300,5,4,2,4,6.403124237,4.472135955,5,10,0,2,14,6,10,10,9,11,6,14,12,8,6,14,3,0,9,3,12,7,Right,Right,300,3
Square,MonteCarloStateSingle-Time300,6,4,3,4,7.211102551,5,7,10,0,1,16,4,10,10,10,10,6,14,13,7,6,14,3,1,10,4,13,8,Up,Up,300,3
Square,MonteCarloStateSingle-Time300,8,5,5,5,9.433981132,7.071067812,9,10,0,1,18,2,10,10,10,10,5,15,13,7,5,15,3,1,10,4,13,9,Down,Up,300,3
Square,MonteCarloStateSingle-Time300,8,2,5,4,8.246211251,6.403124237,9,8,0,0,18,2,8,12,10,10,6,14,13,7,4,16,4,1,10,4,13,10,Right,Up,300,3
Square,MonteCarloStateSingle-Time300,7,0,5,3,7,5.830951895,9,6,0,0,18,2,6,14,11,9,6,14,13,7,3,17,4,2,11,4,13,11,Up,Right,300,3
Square,MonteCarloStateSingle-Time300,7,-1,4,1,7.071067812,4.123105626,9,4,0,0,18,2,4,16,11,9,5,15,14,6,3,17,4,2,11,5,14,12,Right,Up,300,3
Square,MonteCarloStateSingle-Time300,6,-3,4,0,6.708203932,4,9,2,0,0,18,2,2,18,12,8,5,15,14,6,2,18,4,3,12,5,14,13,Up,Right,300,3
Square,MonteCarloStateSingle-Time300,4,-2,1,0,4.472135955,1,7,2,0,0,16,4,2,18,12,8,4,16,15,5,2,18,4,3,12,6,15,14,Up,Right,300,3
Square,MonteCarloStateSingle-Time300,0,14,-3,14,14,14.31782106,-1,19,1,-4,8,12,19,1,8,12,5,15,11,9,5,15,3,-1,8,2,11,0,Left,Left,300,3
Square,MonteCarloStateSingle-Time300,1,12,-2,12,12.04159458,12.16552506,-1,17,12,-6,8,12,17,3,7,13,5,15,10,10,5,15,3,-2,7,1,10,1,Right,Left,300,3
Square,MonteCarloStateSingle-Time300,0,10,-1,10,10,10.04987562,-1,15,1,-10,8,12,15,5,8,12,5,15,9,11,5,15,1,-1,8,0,9,2,Down,Down,300,3
Square,MonteCarloStateSingle-Time300,0,7,-1,7,7,7.071067812,-1,13,1,-7,8,12,13,7,8,12,6,14,9,11,6,14,1,-1,8,0,9,3,Left,Down,300,3
Square,MonteCarloStateSingle-Time300,1,5,-1,4,5.099019514,4.123105626,-1,11,5,-4,8,12,11,9,7,13,6,14,9,11,7,13,2,-2,7,0,9,4,Right,Up,300,3
Square,MonteCarloStateSingle-Time300,0,3,-1,3,3,3.16227766,-1,9,1,-3,8,12,9,11,8,12,6,14,9,11,6,14,1,-1,8,0,9,5,Up,Up,300,3
Square,MonteCarloStateSingle-Time300,1,3,0,3,3.16227766,3,0,8,3,1,9,11,8,12,8,12,5,15,9,11,5,15,1,-1,8,0,9,6,Right,Right,300,3
Square,MonteCarloStateSingle-Time300,2,3,1,3,3.605551275,3.16227766,2,8,1,3,11,9,8,12,9,11,5,15,10,10,5,15,1,0,9,1,10,7,Up,Up,300,3
Square,MonteCarloStateSingle-Time300,4,4,3,4,5.656854249,5,4,8,1,1,13,7,8,12,9,11,4,16,10,10,4,16,1,0,9,1,10,8,Right,Down,300,3
Square,MonteCarloStateSingle-Time300,5,4,5,3,6.403124237,5.830951895,6,8,0,0,15,5,8,12,10,10,4,16,10,10,5,15,1,1,10,1,10,9,Right,Right,300,3
Square,MonteCarloStateSingle-Time300,6,4,6,3,7.211102551,6.708203932,8,8,0,0,17,3,8,12,11,9,4,16,11,9,5,15,1,2,11,2,11,10,Up,Up,300,3
Square,MonteCarloStateSingle-Time300,7,4,7,3,8.062257748,7.615773106,9,7,0,0,18,2,7,13,11,9,3,17,11,9,4,16,1,2,11,2,11,11,Up,Down,300,3
Square,MonteCarloStateSingle-Time300,7,3,7,0,7.615773106,7,9,5,0,0,18,2,5,15,11,9,2,18,11,9,5,15,3,2,11,2,11,12,Right,Right,300,3
Square,MonteCarloStateSingle-Time300,6,1,6,-2,6.08276253,6.32455532,9,3,0,0,18,2,3,17,12,8,2,18,12,8,5,15,3,3,12,3,12,13,Right,Right,300,3
Square,MonteCarloStateSingle-Time300,4,0,4,-3,4,5,8,2,0,0,17,3,2,18,13,7,2,18,13,7,5,15,3,4,13,4,13,14,Right,Right,300,3
Square,MonteCarloStateSingle-Time300,1,0,1,-3,1,3.16227766,6,2,0,-3,15,5,2,18,14,6,2,18,14,6,5,15,3,5,14,5,14,15,Right,Right,300,3
