catStrategy,dogStrategy,catToDog1x,catToDog1y,catToDog2x,catToDog2y,catToDog1,catToDog2,catToExitX,catToExitY,catDog1Angle,catDog2Angle,catToLeft,catToRight,catToTop,catToBottom,dog1ToLeft,dog1ToRight,dog1ToTop,dog1ToBottom,dog2ToLeft,dog2ToRight,dog2ToTop,dog2ToBottom,dogInnterDist,dog1ToExitX,dog1ToExitY,dog2ToExitX,dog2ToExitY,turn,dog1Dir,dog2Dir,CalculationTime,GameResult
ZigZagFSM,MonteCarloStateSingle-Time300,-3,1,-4,-3,3.16227766,5,-5,8,0,0,4,16,8,12,7,13,7,13,8,12,11,9,4,-2,7,-1,8,10,Left,Left,300,3
ZigZagFSM,MonteCarloStateSingle-Time300,0,1,-1,-3,1,3.16227766,-3,8,1,3,6,14,8,12,6,14,7,13,7,13,11,9,4,-3,6,-2,7,11,Down,Left,300,3
ZigZagFSM,MonteCarloStateSingle-Time300,1,13,-2,13,13.03840481,13.15294644,0,18,13,-6,9,11,18,2,8,12,5,15,11,9,5,15,3,-1,8,2,11,0,Down,Down,300,3
ZigZagFSM,MonteCarloStateSingle-Time300,1,10,-2,10,10.04987562,10.19803903,0,16,10,-5,9,11,16,4,8,12,6,14,11,9,6,14,3,-1,8,2,11,1,Down,Left,300,3
ZigZagFSM,MonteCarloStateSingle-Time300,-1,9,-3,10,9.055385138,10.44030651,-2,16,-9,-3,7,13,16,4,8,12,7,13,10,10,6,14,2,-1,8,1,10,2,Left,Left,300,3
ZigZagFSM,MonteCarloStateSingle-Time300,-1,8,-3,9,8.062257748,9.486832981,-3,15,-8,-3,6,14,15,5,7,13,7,13,9,11,6,14,2,-2,7,0,9,3,Down,Right,300,3
ZigZagFSM,MonteCarloStateSingle-Time300,-2,6,-5,8,6.32455532,9.433981132,-4,14,-3,-1,5,15,14,6,7,13,8,12,10,10,6,14,4,-2,7,1,10,4,Left,Down,300,3
ZigZagFSM,MonteCarloStateSingle-Time300,-1,4,-5,5,4.123105626,7.071067812,-4,12,-4,-1,5,15,12,8,6,14,8,12,10,10,7,13,4,-3,6,1,10,5,Down,Down,300,3
ZigZagFSM,MonteCarloStateSingle-Time300,-1,1,-5,2,1.414213562,5.385164807,-4,10,-1,0,5,15,10,10,6,14,9,11,10,10,8,12,4,-3,6,1,10,6,Down,Down,300,3
ZigZagFSM,MonteCarloStateSingle-Time300,-2,-1,-6,0,2.236067977,6,-5,9,0,0,4,16,9,11,6,14,10,10,10,10,9,11,4,-3,6,1,10,7,Left,Left,300,3
ZigZagFSM,MonteCarloStateSingle-Time300,1,-1,-3,0,1.414213562,3,-3,9,-1,0,6,14,9,11,5,15,10,10,9,11,9,11,4,-4,5,0,9,8,Up,Up,300,3
ZigZagFSM,MonteCarloStateSingle-Time300,3,0,-1,1,3,1.414213562,-1,9,0,-1,8,12,9,11,5,15,9,11,9,11,8,12,4,-4,5,0,9,9,Right,Right,300,3
ZigZagFSM,MonteCarloStateSingle-Time300,3,-1,-1,0,3.16227766,1,0,8,0,0,9,11,8,12,6,14,9,11,10,10,8,12,4,-3,6,1,10,10,Up,Left,300,3
ZigZagFSM,MonteCarloStateSingle-Time300,1,14,-2,14,14.03566885,14.14213562,0,19,14,-7,9,11,19,1,8,12,5,15,11,9,5,15,3,-1,8,2,11,0,Left,Left,300,3
ZigZagFSM,MonteCarloStateSingle-Time300,2,14,-1,14,14.14213562,14.03566885,0,19,7,-14,9,11,19,1,7,13,5,15,10,10,5,15,3,-2,7,1,10,1,Right,Left,300,3
ZigZagFSM,MonteCarloStateSingle-Time300,1,12,0,12,12.04159458,12,0,17,12,1,9,11,17,3,8,12,5,15,9,11,5,15,1,-1,8,0,9,2,Down,Right,300,3
ZigZagFSM,MonteCarloStateSingle-Time300,0,10,-2,11,10,11.18033989,-1,16,1,-5,8,12,16,4,8,12,6,14,10,10,5,15,2,-1,8,1,10,3,Down,Right,300,3
ZigZagFSM,MonteCarloStateSingle-Time300,-1,8,-4,10,8.062257748,10.77032961,-2,15,-8,-2,7,13,15,5,8,12,7,13,11,9,5,15,4,-1,8,2,11,4,Left,Right,300,3
ZigZagFSM,MonteCarloStateSingle-Time300,0,6,-5,8,6,9.433981132,-2,13,1,-1,7,13,13,7,7,13,7,13,12,8,5,15,5,-2,7,3,12,5,Right,Right,300,3
ZigZagFSM,MonteCarloStateSingle-Time300,-3,6,-8,8,6.708203932,11.3137085,-4,13,-2,-1,5,15,13,7,8,12,7,13,13,7,5,15,5,-1,8,4,13,6,Down,Left,300,3
ZigZagFSM,MonteCarloStateSingle-Time300,-4,4,-8,7,5.656854249,10.63014581,-5,12,-1,0,4,16,12,8,8,12,8,12,12,8,5,15,5,-1,8,3,12,7,Left,Left,300,3
ZigZagFSM,MonteCarloStateSingle-Time300,-3,2,-7,5,3.605551275,8.602325267,-5,10,0,0,4,16,10,10,7,13,8,12,11,9,5,15,5,-2,7,2,11,8,Left,Left,300,3
ZigZagFSM,MonteCarloStateSingle-Time300,-4,2,-8,5,4.472135955,9.433981132,-7,10,0,0,2,18,10,10,6,14,8,12,10,10,5,15,5,-3,6,1,10,9,Left,Down,300,3
ZigZagFSM,MonteCarloStateSingle-Time300,-4,1,-9,3,4.123105626,9.486832981,-8,9,0,0,1,19,9,11,5,15,8,12,10,10,6,14,5,-4,5,1,10,10,Left,Left,300,3
ZigZagFSM,MonteCarloStateSingle-Time300,-3,1,-8,3,3.16227766,8.544003745,-8,9,0,0,1,19,9,11,4,16,8,12,9,11,6,14,5,-5,4,0,9,11,Left,Left,300,3
ZigZagFSM,MonteCarloStateSingle-Time300,0,1,-5,3,1,5.830951895,-6,9,1,0,3,17,9,11,3,17,8,12,8,12,6,14,5,-6,3,-1,8,12,Down,Right,300,3
ZigZagFSM,MonteCarloStateSingle-Time300,1,13,-2,13,13.03840481,13.15294644,0,18,13,-6,9,11,18,2,8,12,5,15,11,9,5,15,3,-1,8,2,11,0,Right,Right,300,3
ZigZagFSM,MonteCarloStateSingle-Time300,-2,13,-5,13,13.15294644,13.92838828,-2,18,-6,-2,7,13,18,2,9,11,5,15,12,8,5,15,3,0,9,3,12,1,Left,Left,300,3
ZigZagFSM,MonteCarloStateSingle-Time300,-1,11,-4,11,11.04536102,11.70469991,-2,16,-11,-2,7,13,16,4,8,12,5,15,11,9,5,15,3,-1,8,2,11,2,Right,Down,300,3
ZigZagFSM,MonteCarloStateSingle-Time300,-3,10,-5,9,10.44030651,10.29563014,-3,15,-3,-1,6,14,15,5,9,11,5,15,11,9,6,14,2,0,9,2,11,3,Left,Right,300,3
ZigZagFSM,MonteCarloStateSingle-Time300,-2,8,-6,7,8.246211251,9.219544457,-3,13,-4,-1,6,14,13,7,8,12,5,15,12,8,6,14,4,-1,8,3,12,4,Left,Left,300,3
ZigZagFSM,MonteCarloStateSingle-Time300,-1,6,-5,5,6.08276253,7.071067812,-3,11,-6,-1,6,14,11,9,7,13,5,15,11,9,6,14,4,-2,7,2,11,5,Left,Down,300,3
ZigZagFSM,MonteCarloStateSingle-Time300,-1,5,-6,3,5.099019514,6.708203932,-4,10,-5,0,5,15,10,10,6,14,5,15,11,9,7,13,5,-3,6,2,11,6,Down,Down,300,3
ZigZagFSM,MonteCarloStateSingle-Time300,-2,3,-7,1,3.605551275,7.071067812,-5,9,-1,0,4,16,9,11,6,14,6,14,11,9,8,12,5,-3,6,2,11,7,Left,Down,300,3
ZigZagFSM,MonteCarloStateSingle-Time300,1,3,-5,0,3.16227766,5,-3,9,3,0,6,14,9,11,5,15,6,14,11,9,9,11,7,-4,5,2,11,8,Down,Right,300,3
ZigZagFSM,MonteCarloStateSingle-Time300,1,0,-6,-2,1,6.32455532,-3,7,0,0,6,14,7,13,5,15,7,13,12,8,9,11,7,-4,5,3,12,9,Right,Right,300,3
ZigZagFSM,MonteCarloStateSingle-Time300,1,14,-2,14,14.03566885,14.14213562,0,19,14,-7,9,11,19,1,8,12,5,15,11,9,5,15,3,-1,8,2,11,0,Up,Left,300,3
ZigZagFSM,MonteCarloStateSingle-Time300,-3,11,-7,12,11.40175425,13.89244399,-5,16,-3,-1,4,16,16,4,7,13,5,15,11,9,4,16,4,-2,7,2,11,4,Left,Left,300,3
ZigZagFSM,MonteCarloStateSingle-Time300,-3,10,-7,11,10.44030651,13.03840481,-6,15,-3,-1,3,17,15,5,6,14,5,15,10,10,4,16,4,-3,6,1,10,5,Down,Left,300,3
ZigZagFSM,MonteCarloStateSingle-Time300,-5,9,-8,11,10.29563014,13.60147051,-8,15,-1,-1,1,19,15,5,6,14,6,14,9,11,4,16,4,-3,6,0,9,6,Down,Left,300,3
ZigZagFSM,MonteCarloStateSingle-Time300,-5,6,-7,9,7.810249676,11.40175425,-8,13,-1,-1,1,19,13,7,6,14,7,13,8,12,4,16,4,-3,6,-1,8,7,Left,Left,300,3
ZigZagFSM,MonteCarloStateSingle-Time300,-5,5,-7,8,7.071067812,10.63014581,-9,12,-1,-1,0,20,12,8,5,15,7,13,7,13,4,16,4,-4,5,-2,7,8,Down,Down,300,3
ZigZagFSM,MonteCarloStateSingle-Time300,-3,4,-5,7,5,8.602325267,-7,12,-1,-1,2,18,12,8,5,15,8,12,7,13,5,15,4,-4,5,-2,7,9,Down,Down,300,3
ZigZagFSM,MonteCarloStateSingle-Time300,-1,3,-3,6,3.16227766,6.708203932,-5,12,-3,-2,4,16,12,8,5,15,9,11,7,13,6,14,4,-4,5,-2,7,10,Left,Left,300,3
ZigZagFSM,MonteCarloStateSingle-Time300,1,2,-1,5,2.236067977,5.099019514,-4,11,2,-5,5,15,11,9,4,16,9,11,6,14,6,14,4,-5,4,-3,6,11,Right,Right,300,3
ZigZagFSM,MonteCarloStateSingle-Time300,1,1,-1,4,1.414213562,4.123105626,-3,10,1,-4,6,14,10,10,5,15,9,11,7,13,6,14,4,-4,5,-2,7,12,Down,Down,300,3
ZigZagFSM,MonteCarloStateSingle-Time300,3,0,1,3,3,3.16227766,-1,10,0,3,8,12,10,10,5,15,10,10,7,13,7,13,4,-4,5,-2,7,13,Right,Right,300,3
ZigZagFSM,MonteCarloStateSingle-Time300,3,-1,1,2,3.16227766,2.236067977,0,9,0,2,9,11,9,11,6,14,10,10,8,12,7,13,4,-3,6,-1,8,14,Up,Up,300,3
ZigZagFSM,MonteCarloStateSingle-Time300,3,-2,1,1,3.605551275,1.414213562,0,7,0,1,9,11,7,13,6,14,9,11,8,12,6,14,4,-3,6,-1,8,15,Up,Up,300,3
ZigZagFSM,MonteCarloStateSingle-Time300,3,-3,1,0,4.242640687,1,0,5,-1,0,9,11,5,15,6,14,8,12,8,12,5,15,4,-3,6,-1,8,16,Up,Right,300,3
ZigZagFSM,MonteCarloStateSingle-Time300,1,12,-2,12,12.04159458,12.16552506,0,17,12,-6,9,11,17,3,8,12,5,15,11,9,5,15,3,-1,8,2,11,1,Right,Right,300,3
ZigZagFSM,MonteCarloStateSingle-Time300,0,10,-3,10,10,10.44030651,0,15,1,-3,9,11,15,5,9,11,5,15,12,8,5,15,3,0,9,3,12,2,Up,Down,300,3
ZigZagFSM,MonteCarloStateSingle-Time300,0,9,-3,7,9,7.615773106,0,13,1,-2,9,11,13,7,9,11,4,16,12,8,6,14,4,0,9,3,12,3,Right,Down,300,3
ZigZagFSM,MonteCarloStateSingle-Time300,-1,7,-3,4,7.071067812,5,0,11,-7,-1,9,11,11,9,10,10,4,16,12,8,7,13,4,1,10,3,12,4,Down,Down,300,3
ZigZagFSM,MonteCarloStateSingle-Time300,0,5,-2,2,5,2.828427125,1,10,1,-1,10,10,10,10,10,10,5,15,12,8,8,12,4,1,10,3,12,5,Down,Right,300,3
ZigZagFSM,MonteCarloStateSingle-Time300,1,3,-2,1,3.16227766,2.236067977,2,9,3,0,11,9,9,11,10,10,6,14,13,7,8,12,4,1,10,4,13,6,Right,Down,300,3
ZigZagFSM,MonteCarloStateSingle-Time300,0,1,-2,-2,1,2.828427125,2,7,1,1,11,9,7,13,11,9,6,14,13,7,9,11,4,2,11,4,13,7,Down,Right,300,3
ZigZagFSM,MonteCarloStateSingle-Time300,1,13,-2,13,13.03840481,13.15294644,0,18,13,-6,9,11,18,2,8,12,5,15,11,9,5,15,3,-1,8,2,11,0,Left,Left,300,3
ZigZagFSM,MonteCarloStateSingle-Time300,2,11,-1,11,11.18033989,11.04536102,0,16,5,-11,9,11,16,4,7,13,5,15,10,10,5,15,3,-2,7,1,10,1,Left,Right,300,3
ZigZagFSM,MonteCarloStateSingle-Time300,3,9,-2,9,9.486832981,9.219544457,0,14,3,-4,9,11,14,6,6,14,5,15,11,9,5,15,5,-3,6,2,11,2,Right,Down,300,3
ZigZagFSM,MonteCarloStateSingle-Time300,2,7,-2,6,7.280109889,6.32455532,0,12,3,-3,9,11,12,8,7,13,5,15,11,9,6,14,4,-2,7,2,11,3,Right,Down,300,3
ZigZagFSM,MonteCarloStateSingle-Time300,1,14,-2,14,14.03566885,14.14213562,0,19,14,-7,9,11,19,1,8,12,5,15,11,9,5,15,3,-1,8,2,11,0,Down,Right,300,3
ZigZagFSM,MonteCarloStateSingle-Time300,1,11,-3,12,11.04536102,12.36931688,0,17,11,-4,9,11,17,3,8,12,6,14,12,8,5,15,4,-1,8,3,12,1,Up,Left,300,3
ZigZagFSM,MonteCarloStateSingle-Time300,0,11,-3,11,11,11.40175425,-1,16,1,-3,8,12,16,4,8,12,5,15,11,9,5,15,3,-1,8,2,11,2,Up,Down,300,3
ZigZagFSM,MonteCarloStateSingle-Time300,0,10,-3,8,10,8.544003745,-1,14,1,-2,8,12,14,6,8,12,4,16,11,9,6,14,4,-1,8,2,11,3,Down,Up,300,3
ZigZagFSM,MonteCarloStateSingle-Time300,-2,9,-5,9,9.219544457,10.29563014,-3,14,-4,-1,6,14,14,6,8,12,5,15,11,9,5,15,3,-1,8,2,11,4,Left,Left,300,3
ZigZagFSM,MonteCarloStateSingle-Time300,-1,7,-4,7,7.071067812,8.062257748,-3,12,-7,-1,6,14,12,8,7,13,5,15,10,10,5,15,3,-2,7,1,10,5,Left,Left,300,3
ZigZagFSM,MonteCarloStateSingle-Time300,0,5,-3,5,5,5.830951895,-3,10,1,-1,6,14,10,10,6,14,5,15,9,11,5,15,3,-3,6,0,9,6,Down,Down,300,3
ZigZagFSM,MonteCarloStateSingle-Time300,-2,4,-5,4,4.472135955,6.403124237,-5,10,-2,0,4,16,10,10,6,14,6,14,9,11,6,14,3,-3,6,0,9,7,Left,Left,300,3
ZigZagFSM,MonteCarloStateSingle-Time300,-3,4,-6,4,5,7.211102551,-7,10,-1,0,2,18,10,10,5,15,6,14,8,12,6,14,3,-4,5,-1,8,8,Down,Down,300,3
ZigZagFSM,MonteCarloStateSingle-Time300,-3,1,-6,1,3.16227766,6.08276253,-7,8,0,0,2,18,8,12,5,15,7,13,8,12,7,13,3,-4,5,-1,8,9,Left,Left,300,3
ZigZagFSM,MonteCarloStateSingle-Time300,0,1,-3,1,1,3.16227766,-5,8,1,0,4,16,8,12,4,16,7,13,7,13,7,13,3,-5,4,-2,7,10,Down,Right,300,3
ZigZagFSM,MonteCarloStateSingle-Time300,0,13,-3,13,13,13.34166406,-1,18,1,-4,8,12,18,2,8,12,5,15,11,9,5,15,3,-1,8,2,11,1,Up,Left,300,3
ZigZagFSM,MonteCarloStateSingle-Time300,0,12,-2,11,12,11.18033989,-1,16,1,-5,8,12,16,4,8,12,4,16,10,10,5,15,2,-1,8,1,10,2,Left,Up,300,3
ZigZagFSM,MonteCarloStateSingle-Time300,-1,12,-4,12,12.04159458,12.64911064,-3,16,-12,-3,6,14,16,4,7,13,4,16,10,10,4,16,3,-2,7,1,10,3,Down,Right,300,3
ZigZagFSM,MonteCarloStateSingle-Time300,2,6,-1,4,6.32455532,4.123105626,1,11,3,-4,10,10,11,9,8,12,5,15,11,9,7,13,4,-1,8,2,11,4,Right,Right,300,3
ZigZagFSM,MonteCarloStateSingle-Time300,3,6,0,4,6.708203932,4,3,11,2,1,12,8,11,9,9,11,5,15,12,8,7,13,4,0,9,3,12,5,Right,Down,300,3
ZigZagFSM,MonteCarloStateSingle-Time300,2,4,0,1,4.472135955,1,3,9,2,1,12,8,9,11,10,10,5,15,12,8,8,12,4,1,10,3,12,6,Down,Down,300,3
ZigZagFSM,MonteCarloStateSingle-Time300,1,13,-2,13,13.03840481,13.15294644,0,18,13,-6,9,11,18,2,8,12,5,15,11,9,5,15,3,-1,8,2,11,0,Down,Down,300,3
ZigZagFSM,MonteCarloStateSingle-Time300,-1,12,-4,12,12.04159458,12.64911064,-2,18,-12,-3,7,13,18,2,8,12,6,14,11,9,6,14,3,-1,8,2,11,1,Left,Left,300,3
ZigZagFSM,MonteCarloStateSingle-Time300,-1,11,-4,11,11.04536102,11.70469991,-3,17,-11,-2,6,14,17,3,7,13,6,14,10,10,6,14,3,-2,7,1,10,2,Up,Down,300,3
ZigZagFSM,MonteCarloStateSingle-Time300,-2,11,-5,9,11.18033989,10.29563014,-4,16,-5,-1,5,15,16,4,7,13,5,15,10,10,7,13,4,-2,7,1,10,3,Up,Right,300,3
ZigZagFSM,MonteCarloStateSingle-Time300,-4,12,-8,9,12.64911064,12.04159458,-6,16,-3,-1,3,17,16,4,7,13,4,16,11,9,7,13,5,-2,7,2,11,4,Right,Left,300,3
ZigZagFSM,MonteCarloStateSingle-Time300,-7,12,-9,9,13.89244399,12.72792206,-8,16,-1,-1,1,19,16,4,8,12,4,16,10,10,7,13,4,-1,8,1,10,5,Left,Left,300,3
ZigZagFSM,MonteCarloStateSingle-Time300,-6,10,-8,7,11.66190379,10.63014581,-8,14,-1,0,1,19,14,6,7,13,4,16,9,11,7,13,4,-2,7,0,9,6,Down,Down,300,3
ZigZagFSM,MonteCarloStateSingle-Time300,-7,8,-9,5,10.63014581,10.29563014,-9,13,-1,0,0,20,13,7,7,13,5,15,9,11,8,12,4,-2,7,0,9,7,Left,Down,300,3
ZigZagFSM,MonteCarloStateSingle-Time300,-5,7,-8,3,8.602325267,8.544003745,-8,12,-1,0,1,19,12,8,6,14,5,15,9,11,9,11,5,-3,6,0,9,8,Left,Left,300,3
ZigZagFSM,MonteCarloStateSingle-Time300,-2,7,-5,3,7.280109889,5.830951895,-6,12,-3,0,3,17,12,8,5,15,5,15,8,12,9,11,5,-4,5,-1,8,9,Down,Left,300,3
ZigZagFSM,MonteCarloStateSingle-Time300,0,6,-2,3,6,3.605551275,-4,12,1,-1,5,15,12,8,5,15,6,14,7,13,9,11,4,-4,5,-2,7,10,Right,Down,300,3
ZigZagFSM,MonteCarloStateSingle-Time300,1,6,0,2,6.08276253,2,-2,12,6,1,7,13,12,8,6,14,6,14,7,13,10,10,4,-3,6,-2,7,11,Right,Down,300,3
ZigZagFSM,MonteCarloStateSingle-Time300,1,5,1,0,5.099019514,1,-1,11,5,0,8,12,11,9,7,13,6,14,7,13,11,9,5,-2,7,-2,7,12,Down,Right,300,3
ZigZagFSM,MonteCarloStateSingle-Time300,3,14,0,14,14.31782106,14,2,19,4,1,11,9,19,1,8,12,5,15,11,9,5,15,3,-1,8,2,11,1,Up,Down,300,3
ZigZagFSM,MonteCarloStateSingle-Time300,4,14,1,12,14.56021978,12.04159458,3,18,3,12,12,8,18,2,8,12,4,16,11,9,6,14,4,-1,8,2,11,2,Left,Down,300,3
ZigZagFSM,MonteCarloStateSingle-Time300,5,12,1,9,13,9.055385138,3,16,2,9,12,8,16,4,7,13,4,16,11,9,7,13,5,-2,7,2,11,3,Right,Right,300,3
ZigZagFSM,MonteCarloStateSingle-Time300,5,11,1,8,12.08304597,8.062257748,4,15,2,8,13,7,15,5,8,12,4,16,12,8,7,13,5,-1,8,3,12,4,Down,Right,300,3
ZigZagFSM,MonteCarloStateSingle-Time300,6,9,1,7,10.81665383,7.071067812,5,14,1,7,14,6,14,6,8,12,5,15,13,7,7,13,5,-1,8,4,13,5,Right,Right,300,3
ZigZagFSM,MonteCarloStateSingle-Time300,5,7,0,5,8.602325267,5,5,12,1,1,14,6,12,8,9,11,5,15,14,6,7,13,5,0,9,5,14,6,Right,Down,300,3
ZigZagFSM,MonteCarloStateSingle-Time300,5,6,1,3,7.810249676,3.16227766,6,11,1,3,15,5,11,9,10,10,5,15,14,6,8,12,5,1,10,5,14,7,Right,Down,300,3
ZigZagFSM,MonteCarloStateSingle-Time300,4,4,1,0,5.656854249,1,6,9,1,0,15,5,9,11,11,9,5,15,14,6,9,11,5,2,11,5,14,8,Right,Right,300,3
ZigZagFSM,MonteCarloStateSingle-Time300,1,13,-2,13,13.03840481,13.15294644,0,18,13,-6,9,11,18,2,8,12,5,15,11,9,5,15,3,-1,8,2,11,0,Down,Right,300,3
ZigZagFSM,MonteCarloStateSingle-Time300,3,12,-1,13,12.36931688,13.03840481,2,18,4,-13,11,9,18,2,8,12,6,14,12,8,5,15,4,-1,8,3,12,1,Down,Down,300,3
ZigZagFSM,MonteCarloStateSingle-Time300,3,9,-1,10,9.486832981,10.04987562,2,16,3,-10,11,9,16,4,8,12,7,13,12,8,6,14,4,-1,8,3,12,2,Right,Right,300,3
ZigZagFSM,MonteCarloStateSingle-Time300,3,8,-1,9,8.544003745,9.055385138,3,15,2,-9,12,8,15,5,9,11,7,13,13,7,6,14,4,0,9,4,13,3,Down,Down,300,3
ZigZagFSM,MonteCarloStateSingle-Time300,4,6,0,7,7.211102551,7,4,14,1,1,13,7,14,6,9,11,8,12,13,7,7,13,4,0,9,4,13,4,Down,Right,300,3
ZigZagFSM,MonteCarloStateSingle-Time300,5,4,0,6,6.403124237,6,5,13,0,1,14,6,13,7,9,11,9,11,14,6,7,13,5,0,9,5,14,5,Right,Right,300,3
ZigZagFSM,MonteCarloStateSingle-Time300,5,3,0,5,5.830951895,5,6,12,0,1,15,5,12,8,10,10,9,11,15,5,7,13,5,1,10,6,15,6,Down,Right,300,3
ZigZagFSM,MonteCarloStateSingle-Time300,7,2,1,5,7.280109889,5.099019514,8,12,0,5,17,3,12,8,10,10,10,10,16,4,7,13,7,1,10,7,16,7,Down,Down,300,3
ZigZagFSM,MonteCarloStateSingle-Time300,9,1,3,4,9.055385138,5,10,12,0,1,19,1,12,8,10,10,11,9,16,4,8,12,7,1,10,7,16,8,Right,Right,300,3
ZigZagFSM,MonteCarloStateSingle-Time300,7,0,1,3,7,3.16227766,9,11,0,3,18,2,11,9,11,9,11,9,17,3,8,12,7,2,11,8,17,9,Right,Right,300,3
ZigZagFSM,MonteCarloStateSingle-Time300,6,-2,0,1,6.32455532,1,9,9,0,1,18,2,9,11,12,8,11,9,18,2,8,12,7,3,12,9,18,10,Right,Down,300,3
ZigZagFSM,MonteCarloStateSingle-Time300,1,14,-2,14,14.03566885,14.14213562,0,19,14,-7,9,11,19,1,8,12,5,15,11,9,5,15,3,-1,8,2,11,0,Left,Down,300,3
ZigZagFSM,MonteCarloStateSingle-Time300,1,13,-3,12,13.03840481,12.36931688,-1,18,13,-4,8,12,18,2,7,13,5,15,11,9,6,14,4,-2,7,2,11,1,Right,Down,300,3
ZigZagFSM,MonteCarloStateSingle-Time300,0,11,-3,9,11,9.486832981,-1,16,1,-3,8,12,16,4,8,12,5,15,11,9,7,13,4,-1,8,2,11,2,Right,Left,300,3
ZigZagFSM,MonteCarloStateSingle-Time300,-2,10,-3,8,10.19803903,8.544003745,-2,15,-5,-2,7,13,15,5,9,11,5,15,10,10,7,13,2,0,9,1,10,3,Right,Left,300,3
ZigZagFSM,MonteCarloStateSingle-Time300,-3,8,-2,6,8.544003745,6.32455532,-2,13,-2,-3,7,13,13,7,10,10,5,15,9,11,7,13,2,1,10,0,9,4,Down,Down,300,3
ZigZagFSM,MonteCarloStateSingle-Time300,-5,7,-4,5,8.602325267,6.403124237,-4,13,-1,-1,5,15,13,7,10,10,6,14,9,11,8,12,2,1,10,0,9,5,Down,Down,300,3
ZigZagFSM,MonteCarloStateSingle-Time300,-5,4,-4,2,6.403124237,4.472135955,-4,11,0,0,5,15,11,9,10,10,7,13,9,11,9,11,2,1,10,0,9,6,Left,Left,300,3
ZigZagFSM,MonteCarloStateSingle-Time300,-4,2,-3,0,4.472135955,3,-4,9,0,0,5,15,9,11,9,11,7,13,8,12,9,11,2,0,9,-1,8,7,Left,Left,300,3
ZigZagFSM,MonteCarloStateSingle-Time300,-2,1,-1,-1,2.236067977,1.414213562,-3,8,0,1,6,14,8,12,8,12,7,13,7,13,9,11,2,-1,8,-2,7,8,Left,Left,300,3
ZigZagFSM,MonteCarloStateSingle-Time300,1,1,2,-1,1.414213562,2.236067977,-1,8,1,0,8,12,8,12,7,13,7,13,6,14,9,11,2,-2,7,-3,6,9,Right,Right,300,3
ZigZagFSM,MonteCarloStateSingle-Time300,1,0,2,-2,1,2.828427125,0,7,0,-1,9,11,7,13,8,12,7,13,7,13,9,11,2,-1,8,-2,7,10,Right,Right,300,3
ZigZagFSM,MonteCarloStateSingle-Time300,0,13,-3,13,13,13.34166406,-1,18,1,-4,8,12,18,2,8,12,5,15,11,9,5,15,3,-1,8,2,11,1,Right,Right,300,3
ZigZagFSM,MonteCarloStateSingle-Time300,-2,12,-5,12,12.16552506,13,-2,17,-6,-2,7,13,17,3,9,11,5,15,12,8,5,15,3,0,9,3,12,2,Left,Down,300,3
ZigZagFSM,MonteCarloStateSingle-Time300,-2,11,-6,10,11.18033989,11.66190379,-3,16,-5,-1,6,14,16,4,8,12,5,15,12,8,6,14,4,-1,8,3,12,3,Right,Down,300,3
ZigZagFSM,MonteCarloStateSingle-Time300,-5,11,-8,9,12.08304597,12.04159458,-5,16,-2,-1,4,16,16,4,9,11,5,15,12,8,7,13,4,0,9,3,12,4,Down,Left,300,3
ZigZagFSM,MonteCarloStateSingle-Time300,-7,10,-9,9,12.20655562,12.72792206,-7,16,-1,-1,2,18,16,4,9,11,6,14,11,9,7,13,2,0,9,2,11,5,Down,Down,300,3
ZigZagFSM,MonteCarloStateSingle-Time300,-7,7,-9,6,9.899494937,10.81665383,-7,14,-1,0,2,18,14,6,9,11,7,13,11,9,8,12,2,0,9,2,11,6,Left,Down,300,3
ZigZagFSM,MonteCarloStateSingle-Time300,-7,6,-10,4,9.219544457,10.77032961,-8,13,0,0,1,19,13,7,8,12,7,13,11,9,9,11,4,-1,8,2,11,7,Down,Left,300,3
ZigZagFSM,MonteCarloStateSingle-Time300,-8,4,-10,3,8.94427191,10.44030651,-9,12,0,0,0,20,12,8,8,12,8,12,10,10,9,11,2,-1,8,1,10,8,Left,Left,300,3
ZigZagFSM,MonteCarloStateSingle-Time300,-6,3,-8,2,6.708203932,8.246211251,-8,11,0,0,1,19,11,9,7,13,8,12,9,11,9,11,2,-2,7,0,9,9,Down,Down,300,3
ZigZagFSM,MonteCarloStateSingle-Time300,-4,2,-6,1,4.472135955,6.08276253,-6,11,0,0,3,17,11,9,7,13,9,11,9,11,10,10,2,-2,7,0,9,10,Left,Left,300,3
ZigZagFSM,MonteCarloStateSingle-Time300,-1,2,-3,1,2.236067977,3.16227766,-4,11,-2,0,5,15,11,9,6,14,9,11,8,12,10,10,2,-3,6,-1,8,11,Left,Left,300,3
ZigZagFSM,MonteCarloStateSingle-Time300,2,2,0,1,2.828427125,1,-2,11,1,1,7,13,11,9,5,15,9,11,7,13,10,10,2,-4,5,-2,7,12,Down,Down,300,3
ZigZagFSM,MonteCarloStateSingle-Time300,1,14,-2,14,14.03566885,14.14213562,0,19,14,-7,9,11,19,1,8,12,5,15,11,9,5,15,3,-1,8,2,11,0,Up,Left,300,3
ZigZagFSM,MonteCarloStateSingle-Time300,2,14,0,13,14.14213562,13,1,18,7,1,10,10,18,2,8,12,4,16,10,10,5,15,2,-1,8,1,10,1,Down,Left,300,3
ZigZagFSM,MonteCarloStateSingle-Time300,3,12,2,12,12.36931688,12.16552506,2,17,4,6,11,9,17,3,8,12,5,15,9,11,5,15,1,-1,8,0,9,2,Right,Up,300,3
ZigZagFSM,MonteCarloStateSingle-Time300,2,10,2,11,10.19803903,11.18033989,2,15,5,5,11,9,15,5,9,11,5,15,9,11,4,16,1,0,9,0,9,3,Right,Down,300,3
ZigZagFSM,MonteCarloStateSingle-Time300,1,8,2,8,8.062257748,8.246211251,2,13,8,4,11,9,13,7,10,10,5,15,9,11,5,15,1,1,10,0,9,4,Right,Down,300,3
ZigZagFSM,MonteCarloStateSingle-Time300,1,7,3,6,7.071067812,6.708203932,3,12,7,2,12,8,12,8,11,9,5,15,9,11,6,14,2,2,11,0,9,5,Right,Right,300,3
ZigZagFSM,MonteCarloStateSingle-Time300,2,7,4,6,7.280109889,7.211102551,5,12,3,1,14,6,12,8,12,8,5,15,10,10,6,14,2,3,12,1,10,6,Down,Down,300,3
ZigZagFSM,MonteCarloStateSingle-Time300,4,6,6,5,7.211102551,7.810249676,7,12,1,0,16,4,12,8,12,8,6,14,10,10,7,13,2,3,12,1,10,7,Right,Up,300,3
ZigZagFSM,MonteCarloStateSingle-Time300,4,5,7,5,6.403124237,8.602325267,8,11,1,0,17,3,11,9,13,7,6,14,10,10,6,14,3,4,13,1,10,8,Right,Down,300,3
ZigZagFSM,MonteCarloStateSingle-Time300,4,4,8,3,5.656854249,8.544003745,9,10,1,0,18,2,10,10,14,6,6,14,10,10,7,13,4,5,14,1,10,9,Right,Down,300,3
ZigZagFSM,MonteCarloStateSingle-Time300,4,3,9,1,5,9.055385138,10,9,0,0,19,1,9,11,15,5,6,14,10,10,8,12,5,6,15,1,10,10,Right,Down,300,3
ZigZagFSM,MonteCarloStateSingle-Time300,3,1,9,-2,3.16227766,9.219544457,10,7,0,0,19,1,7,13,16,4,6,14,10,10,9,11,7,7,16,1,10,11,Right,Right,300,3
ZigZagFSM,MonteCarloStateSingle-Time300,1,0,7,-3,1,7.615773106,9,6,0,0,18,2,6,14,17,3,6,14,11,9,9,11,7,8,17,2,11,12,Right,Right,300,3
ZigZagFSM,MonteCarloStateSingle-Time300,1,12,-2,12,12.04159458,12.16552506,0,17,12,-6,9,11,17,3,8,12,5,15,11,9,5,15,3,-1,8,2,11,1,Right,Down,300,3
ZigZagFSM,MonteCarloStateSingle-Time300,-1,11,-3,10,11.04536102,10.44030651,-1,16,-11,-3,8,12,16,4,9,11,5,15,11,9,6,14,2,0,9,2,11,2,Right,Down,300,3
ZigZagFSM,MonteCarloStateSingle-Time300,-3,10,-4,8,10.44030651,8.94427191,-2,15,-3,-2,7,13,15,5,10,10,5,15,11,9,7,13,2,1,10,2,11,3,Down,Left,300,3
ZigZagFSM,MonteCarloStateSingle-Time300,-5,9,-5,8,10.29563014,9.433981132,-4,15,-1,-1,5,15,15,5,10,10,6,14,10,10,7,13,1,1,10,1,10,4,Right,Down,300,3
ZigZagFSM,MonteCarloStateSingle-Time300,-7,8,-6,6,10.63014581,8.485281374,-5,14,-1,-1,4,16,14,6,11,9,6,14,10,10,8,12,2,2,11,1,10,5,Down,Down,300,3
ZigZagFSM,MonteCarloStateSingle-Time300,-8,6,-7,4,10,8.062257748,-6,13,0,0,3,17,13,7,11,9,7,13,10,10,9,11,2,2,11,1,10,6,Left,Left,300,3
ZigZagFSM,MonteCarloStateSingle-Time300,-8,5,-7,3,9.433981132,7.615773106,-7,12,0,0,2,18,12,8,10,10,7,13,9,11,9,11,2,1,10,0,9,7,Left,Left,300,3
ZigZagFSM,MonteCarloStateSingle-Time300,-7,3,-6,1,7.615773106,6.08276253,-7,10,0,0,2,18,10,10,9,11,7,13,8,12,9,11,2,0,9,-1,8,8,Left,Down,300,3
ZigZagFSM,MonteCarloStateSingle-Time300,-6,1,-6,-2,6.08276253,6.32455532,-7,8,0,0,2,18,8,12,8,12,7,13,8,12,10,10,3,-1,8,-1,8,9,Left,Down,300,3
ZigZagFSM,MonteCarloStateSingle-Time300,2,14,0,13,14.14213562,13,1,18,7,1,10,10,18,2,8,12,4,16,10,10,5,15,2,-1,8,1,10,1,Right,Down,300,3
ZigZagFSM,MonteCarloStateSingle-Time300,1,12,0,10,12.04159458,10,1,16,12,1,10,10,16,4,9,11,4,16,10,10,6,14,2,0,9,1,10,2,Right,Right,300,3
ZigZagFSM,MonteCarloStateSingle-Time300,1,11,0,9,11.04536102,9,2,15,11,1,11,9,15,5,10,10,4,16,11,9,6,14,2,1,10,2,11,3,Right,Right,300,3
ZigZagFSM,MonteCarloStateSingle-Time300,1,10,0,8,10.04987562,8,3,14,10,1,12,8,14,6,11,9,4,16,12,8,6,14,2,2,11,3,12,4,Right,Down,300,3
ZigZagFSM,MonteCarloStateSingle-Time300,1,9,1,6,9.055385138,6.08276253,4,13,9,6,13,7,13,7,12,8,4,16,12,8,7,13,3,3,12,3,12,5,Left,Down,300,3
ZigZagFSM,MonteCarloStateSingle-Time300,3,8,2,4,8.544003745,4.472135955,5,12,2,2,14,6,12,8,11,9,4,16,12,8,8,12,4,2,11,3,12,6,Up,Right,300,3
ZigZagFSM,MonteCarloStateSingle-Time300,4,8,2,3,8.94427191,3.605551275,6,11,2,1,15,5,11,9,11,9,3,17,13,7,8,12,5,2,11,4,13,7,Right,Right,300,3
ZigZagFSM,MonteCarloStateSingle-Time300,3,6,1,1,6.708203932,1.414213562,6,9,2,1,15,5,9,11,12,8,3,17,14,6,8,12,5,3,12,5,14,8,Right,Right,300,3
ZigZagFSM,MonteCarloStateSingle-Time300,3,5,1,0,5.830951895,1,7,8,1,0,16,4,8,12,13,7,3,17,15,5,8,12,5,4,13,6,15,9,Right,Right,300,3
ZigZagFSM,MonteCarloStateSingle-Time300,2,13,-1,13,13.15294644,13.03840481,1,18,6,-13,10,10,18,2,8,12,5,15,11,9,5,15,3,-1,8,2,11,1,Right,Left,300,3
ZigZagFSM,MonteCarloStateSingle-Time300,1,11,0,11,11.04536102,11,1,16,11,1,10,10,16,4,9,11,5,15,10,10,5,15,1,0,9,1,10,2,Left,Down,300,3
ZigZagFSM,MonteCarloStateSingle-Time300,3,10,1,9,10.44030651,9.055385138,2,15,3,9,11,9,15,5,8,12,5,15,10,10,6,14,2,-1,8,1,10,3,Down,Down,300,3
ZigZagFSM,MonteCarloStateSingle-Time300,4,8,2,7,8.94427191,7.280109889,3,14,2,3,12,8,14,6,8,12,6,14,10,10,7,13,2,-1,8,1,10,4,Down,Down,300,3
ZigZagFSM,MonteCarloStateSingle-Time300,5,6,3,5,7.810249676,5.830951895,4,13,1,1,13,7,13,7,8,12,7,13,10,10,8,12,2,-1,8,1,10,5,Right,Right,300,3
ZigZagFSM,MonteCarloStateSingle-Time300,5,5,3,4,7.071067812,5,5,12,1,1,14,6,12,8,9,11,7,13,11,9,8,12,2,0,9,2,11,6,Down,Right,300,3
ZigZagFSM,MonteCarloStateSingle-Time300,7,4,4,4,8.062257748,5.656854249,7,12,0,1,16,4,12,8,9,11,8,12,12,8,8,12,3,0,9,3,12,7,Right,Right,300,3
ZigZagFSM,MonteCarloStateSingle-Time300,7,3,4,3,7.615773106,5,8,11,0,0,17,3,11,9,10,10,8,12,13,7,8,12,3,1,10,4,13,8,Right,Right,300,3
ZigZagFSM,MonteCarloStateSingle-Time300,6,1,3,1,6.08276253,3.16227766,8,9,0,0,17,3,9,11,11,9,8,12,14,6,8,12,3,2,11,5,14,9,Down,Right,300,3
ZigZagFSM,MonteCarloStateSingle-Time300,6,-2,2,-1,6.32455532,2.236067977,8,7,0,0,17,3,7,13,11,9,9,11,15,5,8,12,4,2,11,6,15,10,Right,Up,300,3
ZigZagFSM,MonteCarloStateSingle-Time300,4,-3,1,-1,5,1.414213562,7,6,0,-1,16,4,6,14,12,8,9,11,15,5,7,13,4,3,12,6,15,11,Right,Up,300,3
ZigZagFSM,MonteCarloStateSingle-Time300,2,-4,0,-1,4.472135955,1,6,5,-2,1,15,5,5,15,13,7,9,11,15,5,6,14,4,4,13,6,15,12,Up,Up,300,3
ZigZagFSM,MonteCarloStateSingle-Time300,3,14,0,14,14.31782106,14,2,19,4,1,11,9,19,1,8,12,5,15,11,9,5,15,3,-1,8,2,11,1,Right,Down,300,3
ZigZagFSM,MonteCarloStateSingle-Time300,2,12,0,11,12.16552506,11,2,17,6,1,11,9,17,3,9,11,5,15,11,9,6,14,2,0,9,2,11,2,Right,Up,300,3
ZigZagFSM,MonteCarloStateSingle-Time300,3,12,2,12,12.36931688,12.16552506,4,17,4,6,13,7,17,3,10,10,5,15,11,9,5,15,1,1,10,2,11,3,Right,Right,300,3
ZigZagFSM,MonteCarloStateSingle-Time300,3,11,2,11,11.40175425,11.18033989,5,16,3,5,14,6,16,4,11,9,5,15,12,8,5,15,1,2,11,3,12,4,Down,Right,300,3
ZigZagFSM,MonteCarloStateSingle-Time300,5,10,3,11,11.18033989,11.40175425,7,16,2,3,16,4,16,4,11,9,6,14,13,7,5,15,2,2,11,4,13,5,Left,Down,300,3
ZigZagFSM,MonteCarloStateSingle-Time300,6,8,3,8,10,8.544003745,7,14,1,2,16,4,14,6,10,10,6,14,13,7,6,14,3,1,10,4,13,6,Right,Down,300,3
ZigZagFSM,MonteCarloStateSingle-Time300,7,8,5,7,10.63014581,8.602325267,9,14,1,1,18,2,14,6,11,9,6,14,13,7,7,13,2,2,11,4,13,7,Right,Down,300,3
ZigZagFSM,MonteCarloStateSingle-Time300,6,6,5,4,8.485281374,6.403124237,9,12,1,0,18,2,12,8,12,8,6,14,13,7,8,12,2,3,12,4,13,8,Down,Right,300,3
ZigZagFSM,MonteCarloStateSingle-Time300,8,5,6,4,9.433981132,7.211102551,11,12,0,0,20,0,12,8,12,8,7,13,14,6,8,12,2,3,12,5,14,9,Right,Right,300,3
ZigZagFSM,MonteCarloStateSingle-Time300,6,4,4,3,7.211102551,5,10,11,0,0,19,1,11,9,13,7,7,13,15,5,8,12,2,4,13,6,15,10,Right,Right,300,3
ZigZagFSM,MonteCarloStateSingle-Time300,4,3,2,2,5,2.828427125,9,10,0,1,18,2,10,10,14,6,7,13,16,4,8,12,2,5,14,7,16,11,Right,Right,300,3
ZigZagFSM,MonteCarloStateSingle-Time300,3,1,1,0,3.16227766,1,9,8,0,0,18,2,8,12,15,5,7,13,17,3,8,12,2,6,15,8,17,12,Right,Right,300,3
ZigZagFSM,MonteCarloStateSingle-Time300,2,13,-1,13,13.15294644,13.03840481,1,18,6,-13,10,10,18,2,8,12,5,15,11,9,5,15,3,-1,8,2,11,1,Right,Up,300,3
ZigZagFSM,MonteCarloStateSingle-Time300,2,12,0,13,12.16552506,13,2,17,6,1,11,9,17,3,9,11,5,15,11,9,4,16,2,0,9,2,11,2,Down,Right,300,3
ZigZagFSM,MonteCarloStateSingle-Time300,3,10,0,12,10.44030651,12,3,16,3,1,12,8,16,4,9,11,6,14,12,8,4,16,4,0,9,3,12,3,Down,Right,300,3
ZigZagFSM,MonteCarloStateSingle-Time300,4,8,0,11,8.94427191,11,4,15,2,1,13,7,15,5,9,11,7,13,13,7,4,16,5,0,9,4,13,4,Down,Right,300,3
ZigZagFSM,MonteCarloStateSingle-Time300,5,6,0,10,7.810249676,10,5,14,1,1,14,6,14,6,9,11,8,12,14,6,4,16,6,0,9,5,14,5,Down,Down,300,3
ZigZagFSM,MonteCarloStateSingle-Time300,7,5,2,9,8.602325267,9.219544457,7,14,0,4,16,4,14,6,9,11,9,11,14,6,5,15,6,0,9,5,14,6,Right,Down,300,3
ZigZagFSM,MonteCarloStateSingle-Time300,8,5,4,8,9.433981132,8.94427191,9,14,0,2,18,2,14,6,10,10,9,11,14,6,6,14,5,1,10,5,14,7,Down,Down,300,3
ZigZagFSM,MonteCarloStateSingle-Time300,10,4,6,7,10.77032961,9.219544457,11,14,0,1,20,0,14,6,10,10,10,10,14,6,7,13,5,1,10,5,14,8,Right,Down,300,3
ZigZagFSM,MonteCarloStateSingle-Time300,9,2,6,4,9.219544457,7.211102551,11,12,0,0,20,0,12,8,11,9,10,10,14,6,8,12,4,2,11,5,14,9,Right,Right,300,3
ZigZagFSM,MonteCarloStateSingle-Time300,7,1,4,3,7.071067812,5,10,11,0,0,19,1,11,9,12,8,10,10,15,5,8,12,4,3,12,6,15,10,Right,Right,300,3
ZigZagFSM,MonteCarloStateSingle-Time300,5,0,2,2,5,2.828427125,9,10,0,1,18,2,10,10,13,7,10,10,16,4,8,12,4,4,13,7,16,11,Right,Right,300,3
ZigZagFSM,MonteCarloStateSingle-Time300,4,-2,1,0,4.472135955,1,9,8,0,0,18,2,8,12,14,6,10,10,17,3,8,12,4,5,14,8,17,12,Up,Right,300,3
ZigZagFSM,MonteCarloStateSingle-Time300,1,14,-2,14,14.03566885,14.14213562,0,19,14,-7,9,11,19,1,8,12,5,15,11,9,5,15,3,-1,8,2,11,0,Down,Down,300,3
ZigZagFSM,MonteCarloStateSingle-Time300,0,12,-3,12,12,12.36931688,-1,18,1,-4,8,12,18,2,8,12,6,14,11,9,6,14,3,-1,8,2,11,1,Right,Down,300,3
ZigZagFSM,MonteCarloStateSingle-Time300,-3,12,-5,11,12.36931688,12.08304597,-3,18,-4,-2,6,14,18,2,9,11,6,14,11,9,7,13,2,0,9,2,11,2,Down,Down,300,3
ZigZagFSM,MonteCarloStateSingle-Time300,-4,10,-6,9,10.77032961,10.81665383,-4,17,-2,-1,5,15,17,3,9,11,7,13,11,9,8,12,2,0,9,2,11,3,Up,Left,300,3
ZigZagFSM,MonteCarloStateSingle-Time300,-6,11,-7,9,12.52996409,11.40175425,-6,17,-1,-1,3,17,17,3,9,11,6,14,10,10,8,12,2,0,9,1,10,4,Down,Left,300,3
ZigZagFSM,MonteCarloStateSingle-Time300,-6,8,-6,7,10,9.219544457,-6,15,-1,-1,3,17,15,5,9,11,7,13,9,11,8,12,1,0,9,0,9,5,Right,Down,300,3
ZigZagFSM,MonteCarloStateSingle-Time300,-7,6,-6,4,9.219544457,7.211102551,-6,13,0,0,3,17,13,7,10,10,7,13,9,11,9,11,2,1,10,0,9,6,Left,Left,300,3
ZigZagFSM,MonteCarloStateSingle-Time300,-7,5,-6,3,8.602325267,6.708203932,-7,12,0,0,2,18,12,8,9,11,7,13,8,12,9,11,2,0,9,-1,8,7,Left,Down,300,3
ZigZagFSM,MonteCarloStateSingle-Time300,-7,4,-7,1,8.062257748,7.071067812,-8,11,0,0,1,19,11,9,8,12,7,13,8,12,10,10,3,-1,8,-1,8,8,Left,Down,300,3
ZigZagFSM,MonteCarloStateSingle-Time300,-7,3,-8,-1,7.615773106,8.062257748,-9,10,0,0,0,20,10,10,7,13,7,13,8,12,11,9,4,-2,7,-1,8,9,Left,Left,300,3
ZigZagFSM,MonteCarloStateSingle-Time300,-4,3,-5,-1,5,5.099019514,-7,10,0,0,2,18,10,10,6,14,7,13,7,13,11,9,4,-3,6,-2,7,10,Left,Left,300,3
ZigZagFSM,MonteCarloStateSingle-Time300,-1,3,-2,-1,3.16227766,2.236067977,-5,10,-3,0,4,16,10,10,5,15,7,13,6,14,11,9,4,-4,5,-3,6,11,Down,Down,300,3
ZigZagFSM,MonteCarloStateSingle-Time300,1,2,0,-2,2.236067977,2,-3,10,2,1,6,14,10,10,5,15,8,12,6,14,12,8,4,-4,5,-3,6,12,Right,Right,300,3
ZigZagFSM,MonteCarloStateSingle-Time300,1,1,0,-3,1.414213562,3,-2,9,1,1,7,13,9,11,6,14,8,12,7,13,12,8,4,-3,6,-2,7,13,Right,Down,300,3
ZigZagFSM,MonteCarloStateSingle-Time300,1,0,1,-5,1,5.099019514,-1,8,0,-5,8,12,8,12,7,13,8,12,7,13,13,7,5,-2,7,-2,7,14,Right,Right,300,3
ZigZagFSM,MonteCarloStateSingle-Time300,1,14,-2,14,14.03566885,14.14213562,0,19,14,-7,9,11,19,1,8,12,5,15,11,9,5,15,3,-1,8,2,11,0,Left,Left,300,3
ZigZagFSM,MonteCarloStateSingle-Time300,3,13,0,13,13.34166406,13,1,18,4,1,10,10,18,2,7,13,5,15,10,10,5,15,3,-2,7,1,10,1,Up,Right,300,3
ZigZagFSM,MonteCarloStateSingle-Time300,4,13,0,12,13.60147051,12,2,17,3,1,11,9,17,3,7,13,4,16,11,9,5,15,4,-2,7,2,11,2,Down,Down,300,3
ZigZagFSM,MonteCarloStateSingle-Time300,5,11,1,10,12.08304597,10.04987562,3,16,2,10,12,8,16,4,7,13,5,15,11,9,6,14,4,-2,7,2,11,3,Right,Right,300,3
ZigZagFSM,MonteCarloStateSingle-Time300,5,10,1,9,11.18033989,9.055385138,4,15,2,9,13,7,15,5,8,12,5,15,12,8,6,14,4,-1,8,3,12,4,Right,Left,300,3
ZigZagFSM,MonteCarloStateSingle-Time300,6,10,4,9,11.66190379,9.848857802,6,15,1,2,15,5,15,5,9,11,5,15,11,9,6,14,2,0,9,2,11,5,Left,Down,300,3
ZigZagFSM,MonteCarloStateSingle-Time300,9,10,6,8,13.45362405,10,8,15,1,1,17,3,15,5,8,12,5,15,11,9,7,13,4,-1,8,2,11,6,Down,Right,300,3
ZigZagFSM,MonteCarloStateSingle-Time300,10,8,6,7,12.80624847,9.219544457,9,14,0,1,18,2,14,6,8,12,6,14,12,8,7,13,4,-1,8,3,12,7,Right,Up,300,3
ZigZagFSM,MonteCarloStateSingle-Time300,11,8,8,8,13.60147051,11.3137085,11,14,0,1,20,0,14,6,9,11,6,14,12,8,6,14,3,0,9,3,12,8,Up,Right,300,3
ZigZagFSM,MonteCarloStateSingle-Time300,11,7,7,6,13.03840481,9.219544457,11,12,0,0,20,0,12,8,9,11,5,15,13,7,6,14,4,0,9,4,13,9,Right,Down,300,3
ZigZagFSM,MonteCarloStateSingle-Time300,10,5,7,3,11.18033989,7.615773106,11,10,0,0,20,0,10,10,10,10,5,15,13,7,7,13,4,1,10,4,13,10,Right,Right,300,3
ZigZagFSM,MonteCarloStateSingle-Time300,8,4,5,2,8.94427191,5.385164807,10,9,0,0,19,1,9,11,11,9,5,15,14,6,7,13,4,2,11,5,14,11,Down,Right,300,3
ZigZagFSM,MonteCarloStateSingle-Time300,7,2,3,1,7.280109889,3.16227766,9,8,0,0,18,2,8,12,11,9,6,14,15,5,7,13,4,2,11,6,15,12,Right,Right,300,3
ZigZagFSM,MonteCarloStateSingle-Time300,5,1,1,0,5.099019514,1,8,7,0,0,17,3,7,13,12,8,6,14,16,4,7,13,4,3,12,7,16,13,Right,Right,300,3
ZigZagFSM,MonteCarloStateSingle-Time300,1,14,-2,14,14.03566885,14.14213562,0,19,14,-7,9,11,19,1,8,12,5,15,11,9,5,15,3,-1,8,2,11,0,Up,Down,300,3
ZigZagFSM,MonteCarloStateSingle-Time300,0,14,-3,12,14,12.36931688,-1,18,1,-4,8,12,18,2,8,12,4,16,11,9,6,14,4,-1,8,2,11,1,Right,Up,300,3
ZigZagFSM,MonteCarloStateSingle-Time300,0,13,-2,12,13,12.16552506,0,17,1,-6,9,11,17,3,9,11,4,16,11,9,5,15,2,0,9,2,11,2,Right,Left,300,3
ZigZagFSM,MonteCarloStateSingle-Time300,0,12,0,11,12,11,1,16,1,1,10,10,16,4,10,10,4,16,10,10,5,15,1,1,10,1,10,3,Left,Right,300,3
ZigZagFSM,MonteCarloStateSingle-Time300,2,11,0,10,11.18033989,10,2,15,5,1,11,9,15,5,9,11,4,16,11,9,5,15,2,0,9,2,11,4,Left,Up,300,3
ZigZagFSM,MonteCarloStateSingle-Time300,3,9,0,9,9.486832981,9,2,13,3,1,11,9,13,7,8,12,4,16,11,9,4,16,3,-1,8,2,11,5,Down,Left,300,3
ZigZagFSM,MonteCarloStateSingle-Time300,5,8,3,9,9.433981132,9.486832981,4,13,1,3,13,7,13,7,8,12,5,15,10,10,4,16,2,-1,8,1,10,6,Down,Left,300,3
ZigZagFSM,MonteCarloStateSingle-Time300,5,5,4,7,7.071067812,8.062257748,4,11,1,1,13,7,11,9,8,12,6,14,9,11,4,16,2,-1,8,0,9,7,Right,Right,300,3
ZigZagFSM,MonteCarloStateSingle-Time300,5,4,4,6,6.403124237,7.211102551,5,10,0,1,14,6,10,10,9,11,6,14,10,10,4,16,2,0,9,1,10,8,Down,Down,300,3
ZigZagFSM,MonteCarloStateSingle-Time300,7,3,6,5,7.615773106,7.810249676,7,10,0,0,16,4,10,10,9,11,7,13,10,10,5,15,2,0,9,1,10,9,Down,Right,300,3
ZigZagFSM,MonteCarloStateSingle-Time300,9,2,7,5,9.219544457,8.602325267,9,10,0,0,18,2,10,10,9,11,8,12,11,9,5,15,4,0,9,2,11,10,Right,Right,300,3
ZigZagFSM,MonteCarloStateSingle-Time300,10,2,8,5,10.19803903,9.433981132,11,10,0,0,20,0,10,10,10,10,8,12,12,8,5,15,4,1,10,3,12,11,Right,Down,300,3
ZigZagFSM,MonteCarloStateSingle-Time300,7,2,6,4,7.280109889,7.211102551,9,10,0,0,18,2,10,10,11,9,8,12,12,8,6,14,2,2,11,3,12,12,Right,Down,300,3
ZigZagFSM,MonteCarloStateSingle-Time300,5,1,5,2,5.099019514,5.385164807,8,9,0,0,17,3,9,11,12,8,8,12,12,8,7,13,1,3,12,3,12,13,Right,Right,300,3
ZigZagFSM,MonteCarloStateSingle-Time300,2,1,2,2,2.236067977,2.828427125,6,9,0,1,15,5,9,11,13,7,8,12,13,7,7,13,1,4,13,4,13,14,Right,Right,300,3
ZigZagFSM,MonteCarloStateSingle-Time300,1,-1,1,0,1.414213562,1,6,7,-1,0,15,5,7,13,14,6,8,12,14,6,7,13,1,5,14,5,14,15,Up,Right,300,3
ZigZagFSM,MonteCarloStateSingle-Time300,1,12,-2,12,12.04159458,12.16552506,0,17,12,-6,9,11,17,3,8,12,5,15,11,9,5,15,3,-1,8,2,11,1,Right,Left,300,3
ZigZagFSM,MonteCarloStateSingle-Time300,-1,11,-2,11,11.04536102,11.18033989,-1,16,-11,-5,8,12,16,4,9,11,5,15,10,10,5,15,1,0,9,1,10,2,Left,Left,300,3
ZigZagFSM,MonteCarloStateSingle-Time300,-1,10,-2,10,10.04987562,10.19803903,-2,15,-10,-5,7,13,15,5,8,12,5,15,9,11,5,15,1,-1,8,0,9,3,Right,Left,300,3
ZigZagFSM,MonteCarloStateSingle-Time300,-3,9,-2,9,9.486832981,9.219544457,-3,14,-3,-4,6,14,14,6,9,11,5,15,8,12,5,15,1,0,9,-1,8,4,Down,Left,300,3
ZigZagFSM,MonteCarloStateSingle-Time300,-4,7,-2,8,8.062257748,8.246211251,-4,13,-1,-4,5,15,13,7,9,11,6,14,7,13,5,15,2,0,9,-2,7,5,Down,Left,300,3
ZigZagFSM,MonteCarloStateSingle-Time300,-5,5,-2,7,7.071067812,7.280109889,-5,12,-1,-3,4,16,12,8,9,11,7,13,6,14,5,15,4,0,9,-3,6,6,Left,Left,300,3
ZigZagFSM,MonteCarloStateSingle-Time300,-5,4,-2,6,6.403124237,6.32455532,-6,11,0,-3,3,17,11,9,8,12,7,13,5,15,5,15,4,-1,8,-4,5,7,Down,Down,300,3
ZigZagFSM,MonteCarloStateSingle-Time300,-6,2,-3,4,6.32455532,5,-7,10,0,-1,2,18,10,10,8,12,8,12,5,15,6,14,4,-1,8,-4,5,8,Left,Left,300,3
ZigZagFSM,MonteCarloStateSingle-Time300,-6,1,-3,3,6.08276253,4.242640687,-8,9,0,-1,1,19,9,11,7,13,8,12,4,16,6,14,4,-2,7,-5,4,9,Down,Left,300,3
ZigZagFSM,MonteCarloStateSingle-Time300,-7,0,-3,3,7,4.242640687,-9,9,0,-1,0,20,9,11,7,13,9,11,3,17,6,14,5,-2,7,-6,3,10,Left,Left,300,3
ZigZagFSM,MonteCarloStateSingle-Time300,-4,0,0,3,4,3,-7,9,0,1,2,18,9,11,6,14,9,11,2,18,6,14,5,-3,6,-7,2,11,Left,Left,300,3
ZigZagFSM,MonteCarloStateSingle-Time300,-3,-2,1,1,3.605551275,1.414213562,-7,7,0,1,2,18,7,13,5,15,9,11,1,19,6,14,5,-4,5,-8,1,12,Up,Up,300,3
ZigZagFSM,MonteCarloStateSingle-Time300,-3,-3,1,0,4.242640687,1,-7,5,1,0,2,18,5,15,5,15,8,12,1,19,5,15,5,-4,5,-8,1,13,Left,Right,300,3
ZigZagFSM,MonteCarloStateSingle-Time300,2,13,-1,13,13.15294644,13.03840481,1,18,6,-13,10,10,18,2,8,12,5,15,11,9,5,15,3,-1,8,2,11,1,Down,Up,300,3
ZigZagFSM,MonteCarloStateSingle-Time300,2,10,-1,12,10.19803903,12.04159458,1,16,5,-12,10,10,16,4,8,12,6,14,11,9,4,16,4,-1,8,2,11,2,Right,Down,300,3
ZigZagFSM,MonteCarloStateSingle-Time300,-1,10,-3,11,10.04987562,11.40175425,-1,16,-10,-3,8,12,16,4,9,11,6,14,11,9,5,15,2,0,9,2,11,3,Left,Right,300,3
ZigZagFSM,MonteCarloStateSingle-Time300,-1,9,-5,10,9.055385138,11.18033989,-2,15,-9,-2,7,13,15,5,8,12,6,14,12,8,5,15,4,-1,8,3,12,4,Left,Down,300,3
ZigZagFSM,MonteCarloStateSingle-Time300,-1,8,-6,8,8.062257748,10,-3,14,-8,-1,6,14,14,6,7,13,6,14,12,8,6,14,5,-2,7,3,12,5,Right,Down,300,3
ZigZagFSM,MonteCarloStateSingle-Time300,-3,7,-7,6,7.615773106,9.219544457,-4,13,-2,0,5,15,13,7,8,12,6,14,12,8,7,13,4,-1,8,3,12,6,Down,Left,300,3
ZigZagFSM,MonteCarloStateSingle-Time300,-4,5,-7,5,6.403124237,8.602325267,-5,12,-1,0,4,16,12,8,8,12,7,13,11,9,7,13,3,-1,8,2,11,7,Left,Left,300,3
ZigZagFSM,MonteCarloStateSingle-Time300,-4,4,-7,4,5.656854249,8.062257748,-6,11,-1,0,3,17,11,9,7,13,7,13,10,10,7,13,3,-2,7,1,10,8,Left,Left,300,3
ZigZagFSM,MonteCarloStateSingle-Time300,-4,3,-7,3,5,7.615773106,-7,10,0,0,2,18,10,10,6,14,7,13,9,11,7,13,3,-3,6,0,9,9,Down,Down,300,3
ZigZagFSM,MonteCarloStateSingle-Time300,-6,2,-9,2,6.32455532,9.219544457,-9,10,0,0,0,20,10,10,6,14,8,12,9,11,8,12,3,-3,6,0,9,10,Left,Left,300,3
ZigZagFSM,MonteCarloStateSingle-Time300,-4,2,-7,2,4.472135955,7.280109889,-8,10,0,0,1,19,10,10,5,15,8,12,8,12,8,12,3,-4,5,-1,8,11,Down,Left,300,3
ZigZagFSM,MonteCarloStateSingle-Time300,-2,1,-4,2,2.236067977,4.472135955,-6,10,0,0,3,17,10,10,5,15,9,11,7,13,8,12,2,-4,5,-2,7,12,Left,Left,300,3
ZigZagFSM,MonteCarloStateSingle-Time300,1,1,-1,2,1.414213562,2.236067977,-4,10,1,-2,5,15,10,10,4,16,9,11,6,14,8,12,2,-5,4,-3,6,13,Right,Down,300,3
ZigZagFSM,MonteCarloStateSingle-Time300,2,1,1,1,2.236067977,1.414213562,-2,10,0,1,7,13,10,10,5,15,9,11,6,14,9,11,1,-4,5,-3,6,14,Right,Right,300,3
ZigZagFSM,MonteCarloStateSingle-Time300,2,0,1,0,2,1,-1,9,0,0,8,12,9,11,6,14,9,11,7,13,9,11,1,-3,6,-2,7,15,Right,Right,300,3
ZigZagFSM,MonteCarloStateSingle-Time300,2,13,-1,13,13.15294644,13.03840481,1,18,6,-13,10,10,18,2,8,12,5,15,11,9,5,15,3,-1,8,2,11,1,Right,Left,300,3
ZigZagFSM,MonteCarloStateSingle-Time300,0,12,-1,12,12,12.04159458,0,17,1,-12,9,11,17,3,9,11,5,15,10,10,5,15,1,0,9,1,10,2,Down,Left,300,3
ZigZagFSM,MonteCarloStateSingle-Time300,-1,10,-1,11,10.04987562,11.04536102,-1,16,-10,-11,8,12,16,4,9,11,6,14,9,11,5,15,1,0,9,0,9,3,Up,Down,300,3
ZigZagFSM,MonteCarloStateSingle-Time300,-1,9,-1,8,9.055385138,8.062257748,-1,14,-9,-8,8,12,14,6,9,11,5,15,9,11,6,14,1,0,9,0,9,4,Up,Left,300,3
ZigZagFSM,MonteCarloStateSingle-Time300,-3,10,-2,8,10.44030651,8.246211251,-3,14,-3,-4,6,14,14,6,9,11,4,16,8,12,6,14,2,0,9,-1,8,5,Left,Down,300,3
ZigZagFSM,MonteCarloStateSingle-Time300,-3,9,-3,6,9.486832981,6.708203932,-4,13,-3,-2,5,15,13,7,8,12,4,16,8,12,7,13,3,-1,8,-1,8,6,Left,Left,300,3
ZigZagFSM,MonteCarloStateSingle-Time300,-3,8,-3,5,8.544003745,5.830951895,-5,12,-2,-1,4,16,12,8,7,13,4,16,7,13,7,13,3,-2,7,-2,7,7,Left,Left,300,3
ZigZagFSM,MonteCarloStateSingle-Time300,-2,6,-2,3,6.32455532,3.605551275,-5,10,-3,-1,4,16,10,10,6,14,4,16,6,14,7,13,3,-3,6,-3,6,8,Left,Down,300,3
ZigZagFSM,MonteCarloStateSingle-Time300,-2,5,-3,1,5.385164807,3.16227766,-6,9,-2,0,3,17,9,11,5,15,4,16,6,14,8,12,4,-4,5,-3,6,9,Down,Down,300,3
ZigZagFSM,MonteCarloStateSingle-Time300,-1,3,-2,-1,3.16227766,2.236067977,-5,8,-3,0,4,16,8,12,5,15,5,15,6,14,9,11,4,-4,5,-3,6,10,Left,Down,300,3
ZigZagFSM,MonteCarloStateSingle-Time300,1,2,-1,-3,2.236067977,3.16227766,-4,7,2,3,5,15,7,13,4,16,5,15,6,14,10,10,5,-5,4,-3,6,11,Right,Right,300,3
ZigZagFSM,MonteCarloStateSingle-Time300,1,1,-1,-4,1.414213562,4.123105626,-3,6,1,4,6,14,6,14,5,15,5,15,7,13,10,10,5,-4,5,-2,7,12,Right,Right,300,3
ZigZagFSM,MonteCarloStateSingle-Time300,1,0,-1,-5,1,5.099019514,-2,5,0,5,7,13,5,15,6,14,5,15,8,12,10,10,5,-3,6,-1,8,13,Right,Right,300,3
ZigZagFSM,MonteCarloStateSingle-Time300,1,13,-2,13,13.03840481,13.15294644,0,18,13,-6,9,11,18,2,8,12,5,15,11,9,5,15,3,-1,8,2,11,0,Right,Up,300,3
ZigZagFSM,MonteCarloStateSingle-Time300,1,12,-1,13,12.04159458,13.03840481,1,17,12,-13,10,10,17,3,9,11,5,15,11,9,4,16,2,0,9,2,11,1,Right,Down,300,3
ZigZagFSM,MonteCarloStateSingle-Time300,2,12,1,12,12.16552506,12.04159458,3,17,6,12,12,8,17,3,10,10,5,15,11,9,5,15,1,1,10,2,11,2,Down,Right,300,3
ZigZagFSM,MonteCarloStateSingle-Time300,4,11,2,12,11.70469991,12.16552506,5,17,2,6,14,6,17,3,10,10,6,14,12,8,5,15,2,1,10,3,12,3,Right,Right,300,3
ZigZagFSM,MonteCarloStateSingle-Time300,4,10,2,11,10.77032961,11.18033989,6,16,2,5,15,5,16,4,11,9,6,14,13,7,5,15,2,2,11,4,13,4,Right,Right,300,3
ZigZagFSM,MonteCarloStateSingle-Time300,5,10,3,11,11.18033989,11.40175425,8,16,2,3,17,3,16,4,12,8,6,14,14,6,5,15,2,3,12,5,14,5,Down,Up,300,3
ZigZagFSM,MonteCarloStateSingle-Time300,5,7,3,10,8.602325267,10.44030651,8,14,1,3,17,3,14,6,12,8,7,13,14,6,4,16,4,3,12,5,14,6,Right,Right,300,3
ZigZagFSM,MonteCarloStateSingle-Time300,5,6,3,9,7.810249676,9.486832981,9,13,1,3,18,2,13,7,13,7,7,13,15,5,4,16,4,4,13,6,15,7,Right,Right,300,3
ZigZagFSM,MonteCarloStateSingle-Time300,4,4,2,7,5.656854249,7.280109889,9,11,1,3,18,2,11,9,14,6,7,13,16,4,4,16,4,5,14,7,16,8,Right,Right,300,3
ZigZagFSM,MonteCarloStateSingle-Time300,4,3,2,6,5,6.32455532,10,10,0,3,19,1,10,10,15,5,7,13,17,3,4,16,4,6,15,8,17,9,Down,Down,300,3
ZigZagFSM,MonteCarloStateSingle-Time300,2,2,0,5,2.828427125,5,8,10,1,1,17,3,10,10,15,5,8,12,17,3,5,15,4,6,15,8,17,10,Right,Right,300,3
ZigZagFSM,MonteCarloStateSingle-Time300,1,0,-1,3,1,3.16227766,8,8,0,-3,17,3,8,12,16,4,8,12,18,2,5,15,4,7,16,9,18,11,Right,Right,300,3
ZigZagFSM,MonteCarloStateSingle-Time300,0,13,-3,13,13,13.34166406,-1,18,1,-4,8,12,18,2,8,12,5,15,11,9,5,15,3,-1,8,2,11,1,Right,Down,300,3
ZigZagFSM,MonteCarloStateSingle-Time300,-1,11,-3,10,11.04536102,10.44030651,-1,16,-11,-3,8,12,16,4,9,11,5,15,11,9,6,14,2,0,9,2,11,2,Right,Down,300,3
ZigZagFSM,MonteCarloStateSingle-Time300,-3,10,-4,8,10.44030651,8.94427191,-2,15,-3,-2,7,13,15,5,10,10,5,15,11,9,7,13,2,1,10,2,11,3,Left,Left,300,3
ZigZagFSM,MonteCarloStateSingle-Time300,-3,9,-4,7,9.486832981,8.062257748,-3,14,-3,-1,6,14,14,6,9,11,5,15,10,10,7,13,2,0,9,1,10,4,Down,Left,300,3
ZigZagFSM,MonteCarloStateSingle-Time300,-5,8,-5,7,9.433981132,8.602325267,-5,14,-1,-1,4,16,14,6,9,11,6,14,9,11,7,13,1,0,9,0,9,5,Right,Left,300,3
ZigZagFSM,MonteCarloStateSingle-Time300,-8,8,-6,7,11.3137085,9.219544457,-7,14,-1,-1,2,18,14,6,10,10,6,14,8,12,7,13,2,1,10,-1,8,6,Down,Left,300,3
ZigZagFSM,MonteCarloStateSingle-Time300,-9,6,-6,6,10.81665383,8.485281374,-8,13,0,-1,1,19,13,7,10,10,7,13,7,13,7,13,3,1,10,-2,7,7,Left,Left,300,3
ZigZagFSM,MonteCarloStateSingle-Time300,-9,6,-6,6,10.81665383,8.485281374,-9,13,0,-1,0,20,13,7,9,11,7,13,6,14,7,13,3,0,9,-3,6,8,Down,Left,300,3
ZigZagFSM,MonteCarloStateSingle-Time300,-7,5,-3,6,8.602325267,6.708203932,-7,13,0,-2,2,18,13,7,9,11,8,12,5,15,7,13,4,0,9,-4,5,9,Left,Left,300,3
ZigZagFSM,MonteCarloStateSingle-Time300,-4,5,0,6,6.403124237,6,-5,13,-1,1,4,16,13,7,8,12,8,12,4,16,7,13,4,-1,8,-5,4,10,Left,Left,300,3
ZigZagFSM,MonteCarloStateSingle-Time300,-1,5,3,6,5.099019514,6.708203932,-3,13,-5,2,6,14,13,7,7,13,8,12,3,17,7,13,4,-2,7,-6,3,11,Down,Down,300,3
ZigZagFSM,MonteCarloStateSingle-Time300,1,4,5,5,4.123105626,7.071067812,-1,13,4,1,8,12,13,7,7,13,9,11,3,17,8,12,4,-2,7,-6,3,12,Down,Down,300,3
ZigZagFSM,MonteCarloStateSingle-Time300,1,1,5,2,1.414213562,5.385164807,-1,11,1,0,8,12,11,9,7,13,10,10,3,17,9,11,4,-2,7,-6,3,13,Right,Right,300,3
ZigZagFSM,MonteCarloStateSingle-Time300,1,0,5,1,1,5.099019514,0,10,0,0,9,11,10,10,8,12,10,10,4,16,9,11,4,-1,8,-5,4,14,Right,Right,300,3
ZigZagFSM,MonteCarloStateSingle-Time300,1,14,-2,14,14.03566885,14.14213562,0,19,14,-7,9,11,19,1,8,12,5,15,11,9,5,15,3,-1,8,2,11,0,Down,Up,300,3
ZigZagFSM,MonteCarloStateSingle-Time300,1,11,-2,13,11.04536102,13.15294644,0,17,11,-6,9,11,17,3,8,12,6,14,11,9,4,16,4,-1,8,2,11,1,Up,Left,300,3
ZigZagFSM,MonteCarloStateSingle-Time300,0,11,-2,12,11,12.16552506,-1,16,1,-6,8,12,16,4,8,12,5,15,10,10,4,16,2,-1,8,1,10,2,Left,Up,300,3
ZigZagFSM,MonteCarloStateSingle-Time300,1,9,-2,11,9.055385138,11.18033989,-1,14,9,-5,8,12,14,6,7,13,5,15,10,10,3,17,4,-2,7,1,10,3,Right,Down,300,3
ZigZagFSM,MonteCarloStateSingle-Time300,-1,8,-3,9,8.062257748,9.486832981,-2,13,-8,-3,7,13,13,7,8,12,5,15,10,10,4,16,2,-1,8,1,10,4,Right,Left,300,3
ZigZagFSM,MonteCarloStateSingle-Time300,-3,7,-3,8,7.615773106,8.544003745,-3,12,-2,-2,6,14,12,8,9,11,5,15,9,11,4,16,1,0,9,0,9,5,Left,Down,300,3
ZigZagFSM,MonteCarloStateSingle-Time300,-3,6,-4,6,6.708203932,7.211102551,-4,11,-2,-1,5,15,11,9,8,12,5,15,9,11,5,15,1,-1,8,0,9,6,Down,Down,300,3
ZigZagFSM,MonteCarloStateSingle-Time300,-4,4,-5,4,5.656854249,6.403124237,-5,10,-1,0,4,16,10,10,8,12,6,14,9,11,6,14,1,-1,8,0,9,7,Left,Left,300,3
ZigZagFSM,MonteCarloStateSingle-Time300,-4,3,-5,3,5,5.830951895,-6,9,0,0,3,17,9,11,7,13,6,14,8,12,6,14,1,-2,7,-1,8,8,Left,Down,300,3
ZigZagFSM,MonteCarloStateSingle-Time300,-1,3,-3,2,3.16227766,3.605551275,-4,9,-3,0,5,15,9,11,6,14,6,14,8,12,7,13,2,-3,6,-1,8,9,Left,Left,300,3
ZigZagFSM,MonteCarloStateSingle-Time300,2,3,0,2,3.605551275,2,-2,9,1,1,7,13,9,11,5,15,6,14,7,13,7,13,2,-4,5,-2,7,10,Down,Down,300,3
ZigZagFSM,MonteCarloStateSingle-Time300,3,1,1,0,3.16227766,1,-1,8,0,0,8,12,8,12,5,15,7,13,7,13,8,12,2,-4,5,-2,7,11,Down,Right,300,3
ZigZagFSM,MonteCarloStateSingle-Time300,1,14,-2,14,14.03566885,14.14213562,0,19,14,-7,9,11,19,1,8,12,5,15,11,9,5,15,3,-1,8,2,11,0,Down,Down,300,3
ZigZagFSM,MonteCarloStateSingle-Time300,1,11,-2,11,11.04536102,11.18033989,0,17,11,-5,9,11,17,3,8,12,6,14,11,9,6,14,3,-1,8,2,11,1,Right,Down,300,3
ZigZagFSM,MonteCarloStateSingle-Time300,-1,10,-3,9,10.04987562,9.486832981,-1,16,-10,-3,8,12,16,4,9,11,6,14,11,9,7,13,2,0,9,2,11,2,Right,Down,300,3
ZigZagFSM,MonteCarloStateSingle-Time300,-3,9,-4,7,9.486832981,8.062257748,-2,15,-3,-1,7,13,15,5,10,10,6,14,11,9,8,12,2,1,10,2,11,3,Left,Left,300,3
ZigZagFSM,MonteCarloStateSingle-Time300,-3,8,-4,6,8.544003745,7.211102551,-3,14,-2,-1,6,14,14,6,9,11,6,14,10,10,8,12,2,0,9,1,10,4,Down,Left,300,3
ZigZagFSM,MonteCarloStateSingle-Time300,-4,6,-4,5,7.211102551,6.403124237,-4,13,-1,-1,5,15,13,7,9,11,7,13,9,11,8,12,1,0,9,0,9,5,Down,Left,300,3
ZigZagFSM,MonteCarloStateSingle-Time300,-4,3,-3,3,5,4.242640687,-4,11,0,-1,5,15,11,9,9,11,8,12,8,12,8,12,1,0,9,-1,8,6,Left,Down,300,3
ZigZagFSM,MonteCarloStateSingle-Time300,-3,1,-3,0,3.16227766,3,-4,9,0,0,5,15,9,11,8,12,8,12,8,12,9,11,1,-1,8,-1,8,7,Left,Left,300,3
ZigZagFSM,MonteCarloStateSingle-Time300,-4,1,-4,0,4.123105626,4,-6,9,0,0,3,17,9,11,7,13,8,12,7,13,9,11,1,-2,7,-2,7,8,Left,Left,300,3
ZigZagFSM,MonteCarloStateSingle-Time300,-1,1,-1,0,1.414213562,1,-4,9,-1,0,5,15,9,11,6,14,8,12,6,14,9,11,1,-3,6,-3,6,9,Down,Left,300,3
ZigZagFSM,MonteCarloStateSingle-Time300,1,14,-2,14,14.03566885,14.14213562,0,19,14,-7,9,11,19,1,8,12,5,15,11,9,5,15,3,-1,8,2,11,0,Right,Right,300,3
ZigZagFSM,MonteCarloStateSingle-Time300,0,14,-3,14,14,14.31782106,0,19,1,-4,9,11,19,1,9,11,5,15,12,8,5,15,3,0,9,3,12,1,Left,Down,300,3
ZigZagFSM,MonteCarloStateSingle-Time300,0,13,-4,12,13,12.64911064,-1,18,1,-3,8,12,18,2,8,12,5,15,12,8,6,14,4,-1,8,3,12,2,Left,Up,300,3
ZigZagFSM,MonteCarloStateSingle-Time300,1,11,-4,11,11.04536102,11.70469991,-1,16,11,-2,8,12,16,4,7,13,5,15,12,8,5,15,5,-2,7,3,12,3,Down,Right,300,3
ZigZagFSM,MonteCarloStateSingle-Time300,0,9,-6,10,9,11.66190379,-2,15,1,-1,7,13,15,5,7,13,6,14,13,7,5,15,6,-2,7,4,13,4,Left,Right,300,3
ZigZagFSM,MonteCarloStateSingle-Time300,0,8,-8,9,8,12.04159458,-3,14,1,-1,6,14,14,6,6,14,6,14,14,6,5,15,8,-3,6,5,14,5,Left,Right,300,3
ZigZagFSM,MonteCarloStateSingle-Time300,0,7,-10,8,7,12.80624847,-4,13,1,0,5,15,13,7,5,15,6,14,15,5,5,15,10,-4,5,6,15,6,Right,Down,300,3
ZigZagFSM,MonteCarloStateSingle-Time300,-3,7,-12,7,7.615773106,13.89244399,-6,13,-2,0,3,17,13,7,6,14,6,14,15,5,6,14,9,-3,6,6,15,7,Left,Left,300,3
ZigZagFSM,MonteCarloStateSingle-Time300,-4,7,-13,7,8.062257748,14.76482306,-8,13,-1,0,1,19,13,7,5,15,6,14,14,6,6,14,9,-4,5,5,14,8,Left,Left,300,3
ZigZagFSM,MonteCarloStateSingle-Time300,-3,5,-12,5,5.830951895,13,-8,11,-1,0,1,19,11,9,4,16,6,14,13,7,6,14,9,-5,4,4,13,9,Left,Left,300,3
ZigZagFSM,MonteCarloStateSingle-Time300,-3,4,-12,4,5,12.64911064,-9,10,-1,0,0,20,10,10,3,17,6,14,12,8,6,14,9,-6,3,3,12,10,Down,Down,300,3
ZigZagFSM,MonteCarloStateSingle-Time300,-1,3,-10,3,3.16227766,10.44030651,-7,10,-3,0,2,18,10,10,3,17,7,13,12,8,7,13,9,-6,3,3,12,11,Left,Left,300,3
ZigZagFSM,MonteCarloStateSingle-Time300,1,2,-8,2,2.236067977,8.246211251,-6,9,2,0,3,17,9,11,2,18,7,13,11,9,7,13,9,-7,2,2,11,12,Right,Right,300,3
ZigZagFSM,MonteCarloStateSingle-Time300,1,1,-8,1,1.414213562,8.062257748,-5,8,1,0,4,16,8,12,3,17,7,13,12,8,7,13,9,-6,3,3,12,13,Right,Right,300,3
ZigZagFSM,MonteCarloStateSingle-Time300,1,0,-8,0,1,8,-4,7,0,0,5,15,7,13,4,16,7,13,13,7,7,13,9,-5,4,4,13,14,Right,Right,300,3
ZigZagFSM,MonteCarloStateSingle-Time300,1,12,-2,12,12.04159458,12.16552506,0,17,12,-6,9,11,17,3,8,12,5,15,11,9,5,15,3,-1,8,2,11,1,Down,Right,300,3
ZigZagFSM,MonteCarloStateSingle-Time300,1,9,-3,10,9.055385138,10.44030651,0,15,9,-3,9,11,15,5,8,12,6,14,12,8,5,15,4,-1,8,3,12,2,Right,Right,300,3
ZigZagFSM,MonteCarloStateSingle-Time300,-1,8,-5,9,8.062257748,10.29563014,-1,14,-8,-1,8,12,14,6,9,11,6,14,13,7,5,15,4,0,9,4,13,3,Left,Left,300,3
ZigZagFSM,MonteCarloStateSingle-Time300,-1,7,-5,8,7.071067812,9.433981132,-2,13,-7,-1,7,13,13,7,8,12,6,14,12,8,5,15,4,-1,8,3,12,4,Down,Down,300,3
ZigZagFSM,MonteCarloStateSingle-Time300,-2,5,-6,6,5.385164807,8.485281374,-3,12,-2,-1,6,14,12,8,8,12,7,13,12,8,6,14,4,-1,8,3,12,5,Down,Down,300,3
ZigZagFSM,MonteCarloStateSingle-Time300,-4,4,-8,5,5.656854249,9.433981132,-5,12,-1,0,4,16,12,8,8,12,8,12,12,8,7,13,4,-1,8,3,12,6,Left,Left,300,3
ZigZagFSM,MonteCarloStateSingle-Time300,-5,4,-9,5,6.403124237,10.29563014,-7,12,0,0,2,18,12,8,7,13,8,12,11,9,7,13,4,-2,7,2,11,7,Down,Down,300,3
ZigZagFSM,MonteCarloStateSingle-Time300,-7,3,-11,4,7.615773106,11.70469991,-9,12,0,0,0,20,12,8,7,13,9,11,11,9,8,12,4,-2,7,2,11,8,Left,Left,300,3
ZigZagFSM,MonteCarloStateSingle-Time300,-5,3,-9,4,5.830951895,9.848857802,-8,12,0,0,1,19,12,8,6,14,9,11,10,10,8,12,4,-3,6,1,10,9,Left,Down,300,3
ZigZagFSM,MonteCarloStateSingle-Time300,-2,3,-7,3,3.605551275,7.615773106,-6,12,-1,0,3,17,12,8,5,15,9,11,10,10,9,11,5,-4,5,1,10,10,Down,Down,300,3
ZigZagFSM,MonteCarloStateSingle-Time300,0,2,-5,2,2,5.385164807,-4,12,1,0,5,15,12,8,5,15,10,10,10,10,10,10,5,-4,5,1,10,11,Down,Right,300,3
ZigZagFSM,MonteCarloStateSingle-Time300,1,0,-5,1,1,5.099019514,-3,11,0,0,6,14,11,9,5,15,11,9,11,9,10,10,6,-4,5,2,11,12,Right,Right,300,3
ZigZagFSM,MonteCarloStateSingle-Time300,1,14,-2,14,14.03566885,14.14213562,0,19,14,-7,9,11,19,1,8,12,5,15,11,9,5,15,3,-1,8,2,11,0,Right,Up,300,3
ZigZagFSM,MonteCarloStateSingle-Time300,-1,13,-3,14,13.03840481,14.31782106,-1,18,-13,-4,8,12,18,2,9,11,5,15,11,9,4,16,2,0,9,2,11,1,Right,Down,300,3
ZigZagFSM,MonteCarloStateSingle-Time300,-2,11,-3,11,11.18033989,11.40175425,-1,16,-5,-3,8,12,16,4,10,10,5,15,11,9,5,15,1,1,10,2,11,2,Down,Right,300,3
ZigZagFSM,MonteCarloStateSingle-Time300,-2,8,-4,9,8.246211251,9.848857802,-1,14,-4,-2,8,12,14,6,10,10,6,14,12,8,5,15,2,1,10,3,12,3,Left,Down,300,3
ZigZagFSM,MonteCarloStateSingle-Time300,-1,6,-4,6,6.08276253,7.211102551,-1,12,-6,-1,8,12,12,8,9,11,6,14,12,8,6,14,3,0,9,3,12,4,Down,Down,300,3
ZigZagFSM,MonteCarloStateSingle-Time300,-2,4,-5,4,4.472135955,6.403124237,-2,11,-2,0,7,13,11,9,9,11,7,13,12,8,7,13,3,0,9,3,12,5,Down,Left,300,3
ZigZagFSM,MonteCarloStateSingle-Time300,-4,3,-6,4,5,7.211102551,-4,11,0,0,5,15,11,9,9,11,8,12,11,9,7,13,2,0,9,2,11,6,Down,Left,300,3
ZigZagFSM,MonteCarloStateSingle-Time300,-5,1,-6,3,5.099019514,6.708203932,-5,10,0,0,4,16,10,10,9,11,9,11,10,10,7,13,2,0,9,1,10,7,Down,Left,300,3
ZigZagFSM,MonteCarloStateSingle-Time300,-6,-1,-6,2,6.08276253,6.32455532,-6,9,0,0,3,17,9,11,9,11,10,10,9,11,7,13,3,0,9,0,9,8,Left,Down,300,3
ZigZagFSM,MonteCarloStateSingle-Time300,-3,-1,-4,1,3.16227766,4.123105626,-4,9,0,0,5,15,9,11,8,12,10,10,9,11,8,12,2,-1,8,0,9,9,Left,Up,300,3
ZigZagFSM,MonteCarloStateSingle-Time300,0,-1,-2,2,1,2.828427125,-2,9,1,-1,7,13,9,11,7,13,10,10,9,11,7,13,4,-2,7,0,9,10,Up,Left,300,3
ZigZagFSM,MonteCarloStateSingle-Time300,1,13,-2,13,13.03840481,13.15294644,0,18,13,-6,9,11,18,2,8,12,5,15,11,9,5,15,3,-1,8,2,11,0,Right,Right,300,3
ZigZagFSM,MonteCarloStateSingle-Time300,2,13,-1,13,13.15294644,13.03840481,2,18,6,-13,11,9,18,2,9,11,5,15,12,8,5,15,3,0,9,3,12,1,Down,Left,300,3
ZigZagFSM,MonteCarloStateSingle-Time300,3,11,1,12,11.40175425,12.04159458,3,17,3,12,12,8,17,3,9,11,6,14,11,9,5,15,2,0,9,2,11,2,Right,Left,300,3
ZigZagFSM,MonteCarloStateSingle-Time300,2,9,2,10,9.219544457,10.19803903,3,15,4,5,12,8,15,5,10,10,6,14,10,10,5,15,1,1,10,1,10,3,Right,Down,300,3
ZigZagFSM,MonteCarloStateSingle-Time300,2,8,3,8,8.246211251,8.544003745,4,14,4,2,13,7,14,6,11,9,6,14,10,10,6,14,1,2,11,1,10,4,Right,Down,300,3
ZigZagFSM,MonteCarloStateSingle-Time300,2,7,4,6,7.280109889,7.211102551,5,13,3,1,14,6,13,7,12,8,6,14,10,10,7,13,2,3,12,1,10,5,Down,Down,300,3
ZigZagFSM,MonteCarloStateSingle-Time300,4,6,6,5,7.211102551,7.810249676,7,13,1,0,16,4,13,7,12,8,7,13,10,10,8,12,2,3,12,1,10,6,Down,Right,300,3
ZigZagFSM,MonteCarloStateSingle-Time300,5,4,6,4,6.403124237,7.211102551,8,12,0,0,17,3,12,8,12,8,8,12,11,9,8,12,1,3,12,2,11,7,Right,Down,300,3
ZigZagFSM,MonteCarloStateSingle-Time300,5,3,7,2,5.830951895,7.280109889,9,11,0,0,18,2,11,9,13,7,8,12,11,9,9,11,2,4,13,2,11,8,Right,Down,300,3
ZigZagFSM,MonteCarloStateSingle-Time300,4,1,7,-1,4.123105626,7.071067812,9,9,0,0,18,2,9,11,14,6,8,12,11,9,10,10,4,5,14,2,11,9,Right,Down,300,3
ZigZagFSM,MonteCarloStateSingle-Time300,2,0,6,-3,2,6.708203932,8,8,0,0,17,3,8,12,15,5,8,12,11,9,11,9,5,6,15,2,11,10,Right,Right,300,3
ZigZagFSM,MonteCarloStateSingle-Time300,0,-1,4,-4,1,5.656854249,7,7,1,-1,16,4,7,13,16,4,8,12,12,8,11,9,5,7,16,3,12,11,Up,Right,300,3
ZigZagFSM,MonteCarloStateSingle-Time300,1,14,-2,14,14.03566885,14.14213562,0,19,14,-7,9,11,19,1,8,12,5,15,11,9,5,15,3,-1,8,2,11,0,Down,Up,300,3
ZigZagFSM,MonteCarloStateSingle-Time300,2,12,-1,14,12.16552506,14.03566885,1,18,6,-14,10,10,18,2,8,12,6,14,11,9,4,16,4,-1,8,2,11,1,Right,Down,300,3
ZigZagFSM,MonteCarloStateSingle-Time300,-1,12,-3,13,12.04159458,13.34166406,-1,18,-12,-4,8,12,18,2,9,11,6,14,11,9,5,15,2,0,9,2,11,2,Left,Down,300,3
ZigZagFSM,MonteCarloStateSingle-Time300,-1,11,-4,11,11.04536102,11.70469991,-2,17,-11,-2,7,13,17,3,8,12,6,14,11,9,6,14,3,-1,8,2,11,3,Up,Down,300,3
ZigZagFSM,MonteCarloStateSingle-Time300,-2,11,-5,9,11.18033989,10.29563014,-3,16,-5,-1,6,14,16,4,8,12,5,15,11,9,7,13,4,-1,8,2,11,4,Right,Left,300,3
ZigZagFSM,MonteCarloStateSingle-Time300,-5,11,-6,9,12.08304597,10.81665383,-5,16,-2,-1,4,16,16,4,9,11,5,15,10,10,7,13,2,0,9,1,10,5,Left,Left,300,3
ZigZagFSM,MonteCarloStateSingle-Time300,-4,9,-5,7,9.848857802,8.602325267,-5,14,-2,-1,4,16,14,6,8,12,5,15,9,11,7,13,2,-1,8,0,9,6,Right,Down,300,3
ZigZagFSM,MonteCarloStateSingle-Time300,-6,8,-6,5,10,7.810249676,-6,13,-1,0,3,17,13,7,9,11,5,15,9,11,8,12,3,0,9,0,9,7,Right,Left,300,3
ZigZagFSM,MonteCarloStateSingle-Time300,-7,6,-5,3,9.219544457,5.830951895,-6,11,0,0,3,17,11,9,10,10,5,15,8,12,8,12,4,1,10,-1,8,8,Down,Left,300,3
ZigZagFSM,MonteCarloStateSingle-Time300,-7,3,-4,1,7.615773106,4.123105626,-6,9,0,0,3,17,9,11,10,10,6,14,7,13,8,12,4,1,10,-2,7,9,Down,Down,300,3
ZigZagFSM,MonteCarloStateSingle-Time300,-6,1,-3,-1,6.08276253,3.16227766,-5,8,0,0,4,16,8,12,10,10,7,13,7,13,9,11,4,1,10,-2,7,10,Left,Left,300,3
ZigZagFSM,MonteCarloStateSingle-Time300,-3,1,0,-1,3.16227766,1,-3,8,0,1,6,14,8,12,9,11,7,13,6,14,9,11,4,0,9,-3,6,11,Left,Up,300,3
ZigZagFSM,MonteCarloStateSingle-Time300,2,13,-1,13,13.15294644,13.03840481,1,18,6,-13,10,10,18,2,8,12,5,15,11,9,5,15,3,-1,8,2,11,1,Right,Left,300,3
ZigZagFSM,MonteCarloStateSingle-Time300,3,13,2,13,13.34166406,13.15294644,3,18,4,6,12,8,18,2,9,11,5,15,10,10,5,15,1,0,9,1,10,2,Up,Down,300,3
ZigZagFSM,MonteCarloStateSingle-Time300,4,13,3,11,13.60147051,11.40175425,4,17,3,3,13,7,17,3,9,11,4,16,10,10,6,14,2,0,9,1,10,3,Right,Down,300,3
ZigZagFSM,MonteCarloStateSingle-Time300,5,13,5,10,13.92838828,11.18033989,6,17,2,2,15,5,17,3,10,10,4,16,10,10,7,13,3,1,10,1,10,4,Right,Right,300,3
ZigZagFSM,MonteCarloStateSingle-Time300,5,12,5,9,13,10.29563014,7,16,2,1,16,4,16,4,11,9,4,16,11,9,7,13,3,2,11,2,11,5,Right,Right,300,3
ZigZagFSM,MonteCarloStateSingle-Time300,6,12,6,9,13.41640786,10.81665383,9,16,2,1,18,2,16,4,12,8,4,16,12,8,7,13,3,3,12,3,12,6,Down,Right,300,3
ZigZagFSM,MonteCarloStateSingle-Time300,6,9,5,7,10.81665383,8.602325267,9,14,1,1,18,2,14,6,12,8,5,15,13,7,7,13,2,3,12,4,13,7,Right,Right,300,3
ZigZagFSM,MonteCarloStateSingle-Time300,7,9,6,7,11.40175425,9.219544457,11,14,1,1,20,0,14,6,13,7,5,15,14,6,7,13,2,4,13,5,14,8,Right,Right,300,3
ZigZagFSM,MonteCarloStateSingle-Time300,6,7,5,5,9.219544457,7.071067812,11,12,1,1,20,0,12,8,14,6,5,15,15,5,7,13,2,5,14,6,15,9,Right,Down,300,3
ZigZagFSM,MonteCarloStateSingle-Time300,5,5,5,2,7.071067812,5.385164807,11,10,1,0,20,0,10,10,15,5,5,15,15,5,8,12,3,6,15,6,15,10,Down,Down,300,3
ZigZagFSM,MonteCarloStateSingle-Time300,4,3,4,0,5,4,10,9,0,0,19,1,9,11,15,5,6,14,15,5,9,11,3,6,15,6,15,11,Down,Right,300,3
ZigZagFSM,MonteCarloStateSingle-Time300,3,1,2,-1,3.16227766,2.236067977,9,8,0,0,18,2,8,12,15,5,7,13,16,4,9,11,2,6,15,7,16,12,Right,Right,300,3
ZigZagFSM,MonteCarloStateSingle-Time300,1,0,0,-2,1,2,8,7,0,1,17,3,7,13,16,4,7,13,17,3,9,11,2,7,16,8,17,13,Right,Right,300,3
ZigZagFSM,MonteCarloStateSingle-Time300,0,13,-3,13,13,13.34166406,-1,18,1,-4,8,12,18,2,8,12,5,15,11,9,5,15,3,-1,8,2,11,1,Down,Down,300,3
ZigZagFSM,MonteCarloStateSingle-Time300,-1,11,-4,11,11.04536102,11.70469991,-2,17,-11,-2,7,13,17,3,8,12,6,14,11,9,6,14,3,-1,8,2,11,2,Right,Right,300,3
ZigZagFSM,MonteCarloStateSingle-Time300,-3,10,-6,10,10.44030651,11.66190379,-3,16,-3,-1,6,14,16,4,9,11,6,14,12,8,6,14,3,0,9,3,12,3,Down,Down,300,3
ZigZagFSM,MonteCarloStateSingle-Time300,-4,8,-7,8,8.94427191,10.63014581,-4,15,-2,-1,5,15,15,5,9,11,7,13,12,8,7,13,3,0,9,3,12,4,Down,Right,300,3
ZigZagFSM,MonteCarloStateSingle-Time300,-5,6,-9,7,7.810249676,11.40175425,-5,14,-1,0,4,16,14,6,9,11,8,12,13,7,7,13,4,0,9,4,13,5,Down,Down,300,3
ZigZagFSM,MonteCarloStateSingle-Time300,-6,4,-10,5,7.211102551,11.18033989,-6,13,0,0,3,17,13,7,9,11,9,11,13,7,8,12,4,0,9,4,13,6,Left,Left,300,3
ZigZagFSM,MonteCarloStateSingle-Time300,-6,3,-10,4,6.708203932,10.77032961,-7,12,0,0,2,18,12,8,8,12,9,11,12,8,8,12,4,-1,8,3,12,7,Left,Down,300,3
ZigZagFSM,MonteCarloStateSingle-Time300,-6,2,-11,2,6.32455532,11.18033989,-8,11,0,0,1,19,11,9,7,13,9,11,12,8,9,11,5,-2,7,3,12,8,Left,Left,300,3
ZigZagFSM,MonteCarloStateSingle-Time300,-6,2,-11,2,6.32455532,11.18033989,-9,11,0,0,0,20,11,9,6,14,9,11,11,9,9,11,5,-3,6,2,11,9,Left,Left,300,3
ZigZagFSM,MonteCarloStateSingle-Time300,-3,2,-8,2,3.605551275,8.246211251,-7,11,0,0,2,18,11,9,5,15,9,11,10,10,9,11,5,-4,5,1,10,10,Down,Down,300,3
ZigZagFSM,MonteCarloStateSingle-Time300,-1,1,-6,1,1.414213562,6.08276253,-5,11,-1,0,4,16,11,9,5,15,10,10,10,10,10,10,5,-4,5,1,10,11,Left,Down,300,3
ZigZagFSM,MonteCarloStateSingle-Time300,1,0,-5,-1,1,5.099019514,-4,10,0,0,5,15,10,10,4,16,10,10,10,10,11,9,6,-5,4,1,10,12,Right,Right,300,3
ZigZagFSM,MonteCarloStateSingle-Time300,1,14,-2,14,14.03566885,14.14213562,0,19,14,-7,9,11,19,1,8,12,5,15,11,9,5,15,3,-1,8,2,11,0,Down,Down,300,3
ZigZagFSM,MonteCarloStateSingle-Time300,1,11,-2,11,11.04536102,11.18033989,0,17,11,-5,9,11,17,3,8,12,6,14,11,9,6,14,3,-1,8,2,11,1,Right,Left,300,3
ZigZagFSM,MonteCarloStateSingle-Time300,0,9,-1,9,9,9.055385138,0,15,1,-9,9,11,15,5,9,11,6,14,10,10,6,14,1,0,9,1,10,2,Right,Right,300,3
ZigZagFSM,MonteCarloStateSingle-Time300,0,8,-1,8,8,8.062257748,1,14,1,-8,10,10,14,6,10,10,6,14,11,9,6,14,1,1,10,2,11,3,Right,Down,300,3
ZigZagFSM,MonteCarloStateSingle-Time300,0,7,0,6,7,6,2,13,1,1,11,9,13,7,11,9,6,14,11,9,7,13,1,2,11,2,11,4,Down,Right,300,3
ZigZagFSM,MonteCarloStateSingle-Time300,1,5,0,5,5.099019514,5,3,12,5,1,12,8,12,8,11,9,7,13,12,8,7,13,1,2,11,3,12,5,Right,Down,300,3
ZigZagFSM,MonteCarloStateSingle-Time300,1,4,1,3,4.123105626,3.16227766,4,11,4,3,13,7,11,9,12,8,7,13,12,8,8,12,1,3,12,3,12,6,Down,Down,300,3
ZigZagFSM,MonteCarloStateSingle-Time300,1,1,1,0,1.414213562,1,4,9,1,0,13,7,9,11,12,8,8,12,12,8,9,11,1,3,12,3,12,7,Right,Right,300,3
ZigZagFSM,MonteCarloStateSingle-Time300,1,14,-2,14,14.03566885,14.14213562,0,19,14,-7,9,11,19,1,8,12,5,15,11,9,5,15,3,-1,8,2,11,0,Down,Down,300,3
ZigZagFSM,MonteCarloStateSingle-Time300,-1,13,-4,13,13.03840481,13.60147051,-2,19,-13,-3,7,13,19,1,8,12,6,14,11,9,6,14,3,-1,8,2,11,1,Down,Down,300,3
ZigZagFSM,MonteCarloStateSingle-Time300,-1,10,-4,10,10.04987562,10.77032961,-2,17,-10,-2,7,13,17,3,8,12,7,13,11,9,7,13,3,-1,8,2,11,2,Left,Left,300,3
ZigZagFSM,MonteCarloStateSingle-Time300,-1,9,-4,9,9.055385138,9.848857802,-3,16,-9,-2,6,14,16,4,7,13,7,13,10,10,7,13,3,-2,7,1,10,3,Right,Down,300,3
ZigZagFSM,MonteCarloStateSingle-Time300,-4,9,-6,8,9.848857802,10,-5,16,-2,-1,4,16,16,4,8,12,7,13,10,10,8,12,2,-1,8,1,10,4,Left,Left,300,3
ZigZagFSM,MonteCarloStateSingle-Time300,-4,8,-6,7,8.94427191,9.219544457,-6,15,-2,-1,3,17,15,5,7,13,7,13,9,11,8,12,2,-2,7,0,9,5,Down,Down,300,3
ZigZagFSM,MonteCarloStateSingle-Time300,-6,7,-8,6,9.219544457,10,-8,15,-1,0,1,19,15,5,7,13,8,12,9,11,9,11,2,-2,7,0,9,6,Left,Up,300,3
ZigZagFSM,MonteCarloStateSingle-Time300,-6,6,-9,6,8.485281374,10.81665383,-9,14,-1,0,0,20,14,6,6,14,8,12,9,11,8,12,3,-3,6,0,9,7,Down,Left,300,3
ZigZagFSM,MonteCarloStateSingle-Time300,-5,4,-7,5,6.403124237,8.602325267,-8,13,0,0,1,19,13,7,6,14,9,11,8,12,8,12,2,-3,6,-1,8,8,Left,Down,300,3
ZigZagFSM,MonteCarloStateSingle-Time300,-2,4,-5,4,4.472135955,6.403124237,-6,13,-2,0,3,17,13,7,5,15,9,11,8,12,9,11,3,-4,5,-1,8,9,Left,Left,300,3
ZigZagFSM,MonteCarloStateSingle-Time300,1,4,-2,4,4.123105626,4.472135955,-4,13,4,-2,5,15,13,7,4,16,9,11,7,13,9,11,3,-5,4,-2,7,10,Down,Down,300,3
ZigZagFSM,MonteCarloStateSingle-Time300,3,3,0,3,4.242640687,3,-2,13,1,1,7,13,13,7,4,16,10,10,7,13,10,10,3,-5,4,-2,7,11,Right,Down,300,3
ZigZagFSM,MonteCarloStateSingle-Time300,3,2,1,1,3.605551275,1.414213562,-1,12,0,1,8,12,12,8,5,15,10,10,7,13,11,9,2,-4,5,-2,7,12,Right,Right,300,3
ZigZagFSM,MonteCarloStateSingle-Time300,3,1,1,0,3.16227766,1,0,11,0,0,9,11,11,9,6,14,10,10,8,12,11,9,2,-3,6,-1,8,13,Down,Right,300,3
ZigZagFSM,MonteCarloStateSingle-Time300,0,13,-3,13,13,13.34166406,-1,18,1,-4,8,12,18,2,8,12,5,15,11,9,5,15,3,-1,8,2,11,1,Down,Right,300,3
ZigZagFSM,MonteCarloStateSingle-Time300,-1,11,-5,12,11.04536102,13,-2,17,-11,-2,7,13,17,3,8,12,6,14,12,8,5,15,4,-1,8,3,12,2,Down,Up,300,3
ZigZagFSM,MonteCarloStateSingle-Time300,-2,9,-6,12,9.219544457,13.41640786,-3,16,-4,-2,6,14,16,4,8,12,7,13,12,8,4,16,5,-1,8,3,12,3,Down,Left,300,3
ZigZagFSM,MonteCarloStateSingle-Time300,-3,7,-6,11,7.615773106,12.52996409,-4,15,-2,-1,5,15,15,5,8,12,8,12,11,9,4,16,5,-1,8,2,11,4,Down,Down,300,3
ZigZagFSM,MonteCarloStateSingle-Time300,-3,4,-6,8,5,10,-4,13,-1,-1,5,15,13,7,8,12,9,11,11,9,5,15,5,-1,8,2,11,5,Down,Left,300,3
ZigZagFSM,MonteCarloStateSingle-Time300,-3,1,-5,6,3.16227766,7.810249676,-4,11,0,-1,5,15,11,9,8,12,10,10,10,10,5,15,5,-1,8,1,10,6,Left,Left,300,3
ZigZagFSM,MonteCarloStateSingle-Time300,-3,0,-5,5,3,7.071067812,-5,10,0,-1,4,16,10,10,7,13,10,10,9,11,5,15,5,-2,7,0,9,7,Left,Left,300,3
ZigZagFSM,MonteCarloStateSingle-Time300,-3,-1,-5,4,3.16227766,6.403124237,-6,9,0,0,3,17,9,11,6,14,10,10,8,12,5,15,5,-3,6,-1,8,8,Left,Left,300,3
ZigZagFSM,MonteCarloStateSingle-Time300,0,-1,-2,4,1,4.472135955,-4,9,1,-2,5,15,9,11,5,15,10,10,7,13,5,15,5,-4,5,-2,7,9,Up,Right,300,3
ZigZagFSM,MonteCarloStateSingle-Time300,1,14,-2,14,14.03566885,14.14213562,0,19,14,-7,9,11,19,1,8,12,5,15,11,9,5,15,3,-1,8,2,11,0,Down,Right,300,3
ZigZagFSM,MonteCarloStateSingle-Time300,1,13,-3,14,13.03840481,14.31782106,0,19,13,-4,9,11,19,1,8,12,6,14,12,8,5,15,4,-1,8,3,12,1,Right,Right,300,3
ZigZagFSM,MonteCarloStateSingle-Time300,0,11,-4,12,11,12.64911064,0,17,1,-3,9,11,17,3,9,11,6,14,13,7,5,15,4,0,9,4,13,2,Right,Left,300,3
ZigZagFSM,MonteCarloStateSingle-Time300,-1,9,-3,10,9.055385138,10.44030651,0,15,-9,-3,9,11,15,5,10,10,6,14,12,8,5,15,2,1,10,3,12,3,Right,Right,300,3
ZigZagFSM,MonteCarloStateSingle-Time300,0,9,-2,10,9,10.19803903,2,15,1,-5,11,9,15,5,11,9,6,14,13,7,5,15,2,2,11,4,13,4,Left,Down,300,3
ZigZagFSM,MonteCarloStateSingle-Time300,1,7,-2,7,7.071067812,7.280109889,2,13,7,-3,11,9,13,7,10,10,6,14,13,7,6,14,3,1,10,4,13,5,Down,Down,300,3
ZigZagFSM,MonteCarloStateSingle-Time300,2,5,-1,5,5.385164807,5.099019514,3,12,2,-5,12,8,12,8,10,10,7,13,13,7,7,13,3,1,10,4,13,6,Down,Right,300,3
ZigZagFSM,MonteCarloStateSingle-Time300,3,3,-1,4,4.242640687,4.123105626,4,11,1,-4,13,7,11,9,10,10,8,12,14,6,7,13,4,1,10,5,14,7,Right,Down,300,3
ZigZagFSM,MonteCarloStateSingle-Time300,3,2,0,2,3.605551275,2,5,10,0,1,14,6,10,10,11,9,8,12,14,6,8,12,3,2,11,5,14,8,Right,Down,300,3
ZigZagFSM,MonteCarloStateSingle-Time300,3,1,1,0,3.16227766,1,6,9,0,0,15,5,9,11,12,8,8,12,14,6,9,11,2,3,12,5,14,9,Right,Right,300,3
ZigZagFSM,MonteCarloStateSingle-Time300,-1,14,-4,14,14.03566885,14.56021978,-2,19,-14,-3,7,13,19,1,8,12,5,15,11,9,5,15,3,-1,8,2,11,1,Down,Left,300,3
ZigZagFSM,MonteCarloStateSingle-Time300,-3,13,-5,14,13.34166406,14.86606875,-4,19,-4,-2,5,15,19,1,8,12,6,14,10,10,5,15,2,-1,8,1,10,2,Down,Left,300,3
ZigZagFSM,MonteCarloStateSingle-Time300,-3,10,-4,12,10.44030651,12.64911064,-4,17,-3,-3,5,15,17,3,8,12,7,13,9,11,5,15,2,-1,8,0,9,3,Up,Left,300,3
ZigZagFSM,MonteCarloStateSingle-Time300,-5,11,-5,12,12.08304597,13,-6,17,-2,-2,3,17,17,3,8,12,6,14,8,12,5,15,1,-1,8,-1,8,4,Right,Right,300,3
ZigZagFSM,MonteCarloStateSingle-Time300,-7,10,-7,11,12.20655562,13.03840481,-7,16,-1,-1,2,18,16,4,9,11,6,14,9,11,5,15,1,0,9,0,9,5,Down,Down,300,3
ZigZagFSM,MonteCarloStateSingle-Time300,-8,8,-8,9,11.3137085,12.04159458,-8,15,-1,-1,1,19,15,5,9,11,7,13,9,11,6,14,1,0,9,0,9,6,Down,Left,300,3
ZigZagFSM,MonteCarloStateSingle-Time300,-9,6,-8,8,10.81665383,11.3137085,-9,14,0,-1,0,20,14,6,9,11,8,12,8,12,6,14,2,0,9,-1,8,7,Left,Left,300,3
ZigZagFSM,MonteCarloStateSingle-Time300,-7,5,-6,7,8.602325267,9.219544457,-8,13,0,-1,1,19,13,7,8,12,8,12,7,13,6,14,2,-1,8,-2,7,8,Down,Left,300,3
ZigZagFSM,MonteCarloStateSingle-Time300,-5,4,-3,7,6.403124237,7.615773106,-6,13,0,-2,3,17,13,7,8,12,9,11,6,14,6,14,4,-1,8,-3,6,9,Left,Left,300,3
ZigZagFSM,MonteCarloStateSingle-Time300,-2,4,0,7,4.472135955,7,-4,13,-2,1,5,15,13,7,7,13,9,11,5,15,6,14,4,-2,7,-4,5,10,Down,Left,300,3
ZigZagFSM,MonteCarloStateSingle-Time300,0,3,3,7,3,7.615773106,-2,13,1,2,7,13,13,7,7,13,10,10,4,16,6,14,5,-2,7,-5,4,11,Down,Down,300,3
ZigZagFSM,MonteCarloStateSingle-Time300,1,1,4,5,1.414213562,6.403124237,-1,12,1,1,8,12,12,8,7,13,11,9,4,16,7,13,5,-2,7,-5,4,12,Right,Down,300,3
ZigZagFSM,MonteCarloStateSingle-Time300,1,0,5,3,1,5.830951895,0,11,0,0,9,11,11,9,8,12,11,9,4,16,8,12,5,-1,8,-5,4,13,Right,Right,300,3
ZigZagFSM,MonteCarloStateSingle-Time300,1,13,-2,13,13.03840481,13.15294644,0,18,13,-6,9,11,18,2,8,12,5,15,11,9,5,15,3,-1,8,2,11,0,Up,Left,300,3
ZigZagFSM,MonteCarloStateSingle-Time300,0,13,-2,12,13,12.16552506,-1,17,1,-6,8,12,17,3,8,12,4,16,10,10,5,15,2,-1,8,1,10,1,Left,Down,300,3
ZigZagFSM,MonteCarloStateSingle-Time300,1,11,-2,9,11.04536102,9.219544457,-1,15,11,-4,8,12,15,5,7,13,4,16,10,10,6,14,4,-2,7,1,10,2,Up,Down,300,3
ZigZagFSM,MonteCarloStateSingle-Time300,0,11,-3,7,11,7.615773106,-2,14,1,-2,7,13,14,6,7,13,3,17,10,10,7,13,5,-2,7,1,10,3,Up,Down,300,3
ZigZagFSM,MonteCarloStateSingle-Time300,0,10,-3,4,10,5,-2,12,1,-1,7,13,12,8,7,13,2,18,10,10,8,12,7,-2,7,1,10,4,Down,Right,300,3
ZigZagFSM,MonteCarloStateSingle-Time300,-1,8,-5,3,8.062257748,5.830951895,-3,11,-8,0,6,14,11,9,7,13,3,17,11,9,8,12,6,-2,7,2,11,5,Right,Down,300,3
ZigZagFSM,MonteCarloStateSingle-Time300,-3,7,-6,1,7.615773106,6.08276253,-4,10,-2,0,5,15,10,10,8,12,3,17,11,9,9,11,7,-1,8,2,11,6,Right,Left,300,3
ZigZagFSM,MonteCarloStateSingle-Time300,-5,6,-6,0,7.810249676,6,-5,9,-1,0,4,16,9,11,9,11,3,17,10,10,9,11,6,0,9,1,10,7,Left,Left,300,3
ZigZagFSM,MonteCarloStateSingle-Time300,-2,6,-3,0,6.32455532,3,-3,9,-3,0,6,14,9,11,8,12,3,17,9,11,9,11,6,-1,8,0,9,8,Down,Down,300,3
ZigZagFSM,MonteCarloStateSingle-Time300,0,5,-1,-1,5,1.414213562,-1,9,1,1,8,12,9,11,8,12,4,16,9,11,10,10,6,-1,8,0,9,9,Down,Down,300,3
ZigZagFSM,MonteCarloStateSingle-Time300,1,3,0,-3,3.16227766,3,0,8,3,1,9,11,8,12,8,12,5,15,9,11,11,9,6,-1,8,0,9,10,Right,Down,300,3
ZigZagFSM,MonteCarloStateSingle-Time300,0,1,0,-6,1,6,0,6,1,1,9,11,6,14,9,11,5,15,9,11,12,8,7,0,9,0,9,11,Down,Right,300,3
ZigZagFSM,MonteCarloStateSingle-Time300,1,13,-2,13,13.03840481,13.15294644,0,18,13,-6,9,11,18,2,8,12,5,15,11,9,5,15,3,-1,8,2,11,0,Left,Right,300,3
ZigZagFSM,MonteCarloStateSingle-Time300,1,12,-4,12,12.04159458,12.64911064,-1,17,12,-3,8,12,17,3,7,13,5,15,12,8,5,15,5,-2,7,3,12,1,Up,Right,300,3
ZigZagFSM,MonteCarloStateSingle-Time300,1,11,-5,10,11.04536102,11.18033989,-1,15,11,-2,8,12,15,5,7,13,4,16,13,7,5,15,6,-2,7,4,13,2,Down,Down,300,3
ZigZagFSM,MonteCarloStateSingle-Time300,2,9,-4,8,9.219544457,8.94427191,0,14,4,-2,9,11,14,6,7,13,5,15,13,7,6,14,6,-2,7,4,13,3,Down,Right,300,3
ZigZagFSM,MonteCarloStateSingle-Time300,2,6,-5,6,6.32455532,7.810249676,0,12,3,-1,9,11,12,8,7,13,6,14,14,6,6,14,7,-2,7,5,14,4,Down,Down,300,3
ZigZagFSM,MonteCarloStateSingle-Time300,2,3,-5,3,3.605551275,5.830951895,0,10,1,0,9,11,10,10,7,13,7,13,14,6,7,13,7,-2,7,5,14,5,Right,Down,300,3
ZigZagFSM,MonteCarloStateSingle-Time300,1,1,-5,0,1.414213562,5,0,8,1,0,9,11,8,12,8,12,7,13,14,6,8,12,6,-1,8,5,14,6,Right,Down,300,3
ZigZagFSM,MonteCarloStateSingle-Time300,1,0,-4,-2,1,4.472135955,1,7,0,0,10,10,7,13,9,11,7,13,14,6,9,11,5,0,9,5,14,7,Right,Right,300,3
ZigZagFSM,MonteCarloStateSingle-Time300,1,12,-2,12,12.04159458,12.16552506,0,17,12,-6,9,11,17,3,8,12,5,15,11,9,5,15,3,-1,8,2,11,1,Right,Right,300,3
ZigZagFSM,MonteCarloStateSingle-Time300,-1,11,-4,11,11.04536102,11.70469991,-1,16,-11,-2,8,12,16,4,9,11,5,15,12,8,5,15,3,0,9,3,12,2,Down,Up,300,3
ZigZagFSM,MonteCarloStateSingle-Time300,-2,9,-5,11,9.219544457,12.08304597,-2,15,-4,-2,7,13,15,5,9,11,6,14,12,8,4,16,4,0,9,3,12,3,Right,Down,300,3
ZigZagFSM,MonteCarloStateSingle-Time300,-4,8,-6,9,8.94427191,10.81665383,-3,14,-2,-1,6,14,14,6,10,10,6,14,12,8,5,15,2,1,10,3,12,4,Left,Left,300,3
ZigZagFSM,MonteCarloStateSingle-Time300,-4,7,-6,8,8.062257748,10,-4,13,-1,-1,5,15,13,7,9,11,6,14,11,9,5,15,2,0,9,2,11,5,Left,Down,300,3
ZigZagFSM,MonteCarloStateSingle-Time300,-3,5,-6,5,5.830951895,7.810249676,-4,11,-1,0,5,15,11,9,8,12,6,14,11,9,6,14,3,-1,8,2,11,6,Left,Left,300,3
ZigZagFSM,MonteCarloStateSingle-Time300,-3,4,-6,4,5,7.211102551,-5,10,-1,0,4,16,10,10,7,13,6,14,10,10,6,14,3,-2,7,1,10,7,Down,Down,300,3
ZigZagFSM,MonteCarloStateSingle-Time300,-4,2,-7,2,4.472135955,7.280109889,-6,9,0,0,3,17,9,11,7,13,7,13,10,10,7,13,3,-2,7,1,10,8,Down,Left,300,3
ZigZagFSM,MonteCarloStateSingle-Time300,-2,1,-4,2,2.236067977,4.472135955,-4,9,0,0,5,15,9,11,7,13,8,12,9,11,7,13,2,-2,7,0,9,9,Left,Left,300,3
ZigZagFSM,MonteCarloStateSingle-Time300,1,1,-1,2,1.414213562,2.236067977,-2,9,1,-2,7,13,9,11,6,14,8,12,8,12,7,13,2,-3,6,-1,8,10,Down,Right,300,3
ZigZagFSM,MonteCarloStateSingle-Time300,3,0,0,2,3,2,0,9,0,1,9,11,9,11,6,14,9,11,9,11,7,13,4,-3,6,0,9,11,Right,Right,300,3
ZigZagFSM,MonteCarloStateSingle-Time300,2,-2,-1,0,2.828427125,1,0,7,-1,0,9,11,7,13,7,13,9,11,10,10,7,13,4,-2,7,1,10,12,Up,Left,300,3
ZigZagFSM,MonteCarloStateSingle-Time300,1,14,-2,14,14.03566885,14.14213562,0,19,14,-7,9,11,19,1,8,12,5,15,11,9,5,15,3,-1,8,2,11,0,Right,Right,300,3
ZigZagFSM,MonteCarloStateSingle-Time300,1,13,-2,13,13.03840481,13.15294644,1,18,13,-6,10,10,18,2,9,11,5,15,12,8,5,15,3,0,9,3,12,1,Down,Right,300,3
ZigZagFSM,MonteCarloStateSingle-Time300,2,11,-2,12,11.18033989,12.16552506,2,17,5,-6,11,9,17,3,9,11,6,14,13,7,5,15,4,0,9,4,13,2,Down,Right,300,3
ZigZagFSM,MonteCarloStateSingle-Time300,3,9,-2,11,9.486832981,11.18033989,3,16,3,-5,12,8,16,4,9,11,7,13,14,6,5,15,5,0,9,5,14,3,Right,Right,300,3
ZigZagFSM,MonteCarloStateSingle-Time300,4,9,-1,11,9.848857802,11.04536102,5,16,2,-11,14,6,16,4,10,10,7,13,15,5,5,15,5,1,10,6,15,4,Right,Right,300,3
ZigZagFSM,MonteCarloStateSingle-Time300,4,8,-1,10,8.94427191,10.04987562,6,15,2,-10,15,5,15,5,11,9,7,13,16,4,5,15,5,2,11,7,16,5,Down,Down,300,3
ZigZagFSM,MonteCarloStateSingle-Time300,6,7,1,9,9.219544457,9.055385138,8,15,1,9,17,3,15,5,11,9,8,12,16,4,6,14,5,2,11,7,16,6,Right,Right,300,3
ZigZagFSM,MonteCarloStateSingle-Time300,6,6,1,8,8.485281374,8.062257748,9,14,1,8,18,2,14,6,12,8,8,12,17,3,6,14,5,3,12,8,17,7,Right,Right,300,3
ZigZagFSM,MonteCarloStateSingle-Time300,6,5,1,7,7.810249676,7.071067812,10,13,0,7,19,1,13,7,13,7,8,12,18,2,6,14,5,4,13,9,18,8,Down,Down,300,3
ZigZagFSM,MonteCarloStateSingle-Time300,4,4,-1,6,5.656854249,6.08276253,8,13,1,-6,17,3,13,7,13,7,9,11,18,2,7,13,5,4,13,9,18,9,Right,Right,300,3
ZigZagFSM,MonteCarloStateSingle-Time300,2,3,-3,5,3.605551275,5.830951895,7,12,1,-1,16,4,12,8,14,6,9,11,19,1,7,13,5,5,14,10,19,10,Down,Down,300,3
ZigZagFSM,MonteCarloStateSingle-Time300,2,0,-3,2,2,3.605551275,7,10,0,0,16,4,10,10,14,6,10,10,19,1,8,12,5,5,14,10,19,11,Right,Right,300,3
ZigZagFSM,MonteCarloStateSingle-Time300,0,-1,-5,1,1,5.099019514,6,9,1,0,15,5,9,11,15,5,10,10,20,0,8,12,5,6,15,11,20,12,Up,Right,300,3
ZigZagFSM,MonteCarloStateSingle-Time300,1,14,-2,14,14.03566885,14.14213562,0,19,14,-7,9,11,19,1,8,12,5,15,11,9,5,15,3,-1,8,2,11,0,Right,Left,300,3
ZigZagFSM,MonteCarloStateSingle-Time300,1,13,0,13,13.03840481,13,1,18,13,1,10,10,18,2,9,11,5,15,10,10,5,15,1,0,9,1,10,1,Right,Down,300,3
ZigZagFSM,MonteCarloStateSingle-Time300,0,11,0,10,11,10,1,16,1,1,10,10,16,4,10,10,5,15,10,10,6,14,1,1,10,1,10,2,Right,Up,300,3
ZigZagFSM,MonteCarloStateSingle-Time300,-1,9,0,9,9.055385138,9,1,14,-9,1,10,10,14,6,11,9,5,15,10,10,5,15,1,2,11,1,10,3,Left,Left,300,3
ZigZagFSM,MonteCarloStateSingle-Time300,0,7,1,7,7,7.071067812,1,12,1,7,10,10,12,8,10,10,5,15,9,11,5,15,1,1,10,0,9,4,Down,Left,300,3
ZigZagFSM,MonteCarloStateSingle-Time300,1,5,3,6,5.099019514,6.708203932,2,11,5,2,11,9,11,9,10,10,6,14,8,12,5,15,2,1,10,-1,8,5,Down,Down,300,3
ZigZagFSM,MonteCarloStateSingle-Time300,1,2,3,3,2.236067977,4.242640687,2,9,2,1,11,9,9,11,10,10,7,13,8,12,6,14,2,1,10,-1,8,6,Right,Right,300,3
ZigZagFSM,MonteCarloStateSingle-Time300,1,1,3,2,1.414213562,3.605551275,3,8,1,0,12,8,8,12,11,9,7,13,9,11,6,14,2,2,11,0,9,7,Right,Down,300,3
ZigZagFSM,MonteCarloStateSingle-Time300,-1,0,2,0,1,2,2,7,0,0,11,9,7,13,12,8,7,13,9,11,7,13,3,3,12,0,9,8,Left,Left,300,3
ZigZagFSM,MonteCarloStateSingle-Time300,1,14,-2,14,14.03566885,14.14213562,0,19,14,-7,9,11,19,1,8,12,5,15,11,9,5,15,3,-1,8,2,11,1,Right,Down,300,3
ZigZagFSM,MonteCarloStateSingle-Time300,2,14,0,13,14.14213562,13,2,19,7,1,11,9,19,1,9,11,5,15,11,9,6,14,2,0,9,2,11,2,Right,Down,300,3
ZigZagFSM,MonteCarloStateSingle-Time300,2,13,1,11,13.15294644,11.04536102,3,18,6,11,12,8,18,2,10,10,5,15,11,9,7,13,2,1,10,2,11,3,Down,Left,300,3
ZigZagFSM,MonteCarloStateSingle-Time300,3,11,3,10,11.40175425,10.44030651,4,17,3,3,13,7,17,3,10,10,6,14,10,10,7,13,1,1,10,1,10,4,Right,Left,300,3
ZigZagFSM,MonteCarloStateSingle-Time300,3,10,5,9,10.44030651,10.29563014,5,16,3,1,14,6,16,4,11,9,6,14,9,11,7,13,2,2,11,0,9,5,Down,Down,300,3
ZigZagFSM,MonteCarloStateSingle-Time300,4,8,6,7,8.94427191,9.219544457,6,15,2,1,15,5,15,5,11,9,7,13,9,11,8,12,2,2,11,0,9,6,Down,Right,300,3
ZigZagFSM,MonteCarloStateSingle-Time300,6,7,7,7,9.219544457,9.899494937,8,15,1,1,17,3,15,5,11,9,8,12,10,10,8,12,1,2,11,1,10,7,Down,Right,300,3
ZigZagFSM,MonteCarloStateSingle-Time300,7,5,7,6,8.602325267,9.219544457,9,14,0,0,18,2,14,6,11,9,9,11,11,9,8,12,1,2,11,2,11,8,Right,Right,300,3
ZigZagFSM,MonteCarloStateSingle-Time300,8,5,8,6,9.433981132,10,11,14,0,0,20,0,14,6,12,8,9,11,12,8,8,12,1,3,12,3,12,9,Right,Down,300,3
ZigZagFSM,MonteCarloStateSingle-Time300,5,5,6,5,7.071067812,7.810249676,9,14,1,0,18,2,14,6,13,7,9,11,12,8,9,11,1,4,13,3,12,10,Down,Down,300,3
ZigZagFSM,MonteCarloStateSingle-Time300,4,3,5,3,5,5.830951895,8,13,0,0,17,3,13,7,13,7,10,10,12,8,10,10,1,4,13,3,12,11,Down,Right,300,3
ZigZagFSM,MonteCarloStateSingle-Time300,2,2,2,3,2.828427125,3.605551275,6,13,1,1,15,5,13,7,13,7,11,9,13,7,10,10,1,4,13,4,13,12,Right,Right,300,3
ZigZagFSM,MonteCarloStateSingle-Time300,1,0,1,1,1,1.414213562,6,11,0,1,15,5,11,9,14,6,11,9,14,6,10,10,1,5,14,5,14,13,Right,Right,300,3
ZigZagFSM,MonteCarloStateSingle-Time300,3,14,0,14,14.31782106,14,2,19,4,1,11,9,19,1,8,12,5,15,11,9,5,15,3,-1,8,2,11,1,Up,Right,300,3
ZigZagFSM,MonteCarloStateSingle-Time300,3,13,-1,12,13.34166406,12.04159458,2,17,4,-12,11,9,17,3,8,12,4,16,12,8,5,15,4,-1,8,3,12,2,Down,Left,300,3
ZigZagFSM,MonteCarloStateSingle-Time300,5,12,2,12,13,12.16552506,4,17,2,6,13,7,17,3,8,12,5,15,11,9,5,15,3,-1,8,2,11,3,Right,Left,300,3
ZigZagFSM,MonteCarloStateSingle-Time300,5,11,4,11,12.08304597,11.70469991,5,16,2,2,14,6,16,4,9,11,5,15,10,10,5,15,1,0,9,1,10,4,Down,Up,300,3
ZigZagFSM,MonteCarloStateSingle-Time300,6,9,5,11,10.81665383,12.08304597,6,15,1,2,15,5,15,5,9,11,6,14,10,10,4,16,2,0,9,1,10,5,Down,Up,300,3
ZigZagFSM,MonteCarloStateSingle-Time300,7,7,6,11,9.899494937,12.52996409,7,14,1,1,16,4,14,6,9,11,7,13,10,10,3,17,4,0,9,1,10,6,Right,Left,300,3
ZigZagFSM,MonteCarloStateSingle-Time300,7,6,8,10,9.219544457,12.80624847,8,13,0,1,17,3,13,7,10,10,7,13,9,11,3,17,4,1,10,0,9,7,Right,Down,300,3
ZigZagFSM,MonteCarloStateSingle-Time300,8,6,10,9,10,13.45362405,10,13,0,0,19,1,13,7,11,9,7,13,9,11,4,16,4,2,11,0,9,8,Down,Down,300,3
ZigZagFSM,MonteCarloStateSingle-Time300,8,5,10,8,9.433981132,12.80624847,10,13,0,0,19,1,13,7,11,9,8,12,9,11,5,15,4,2,11,0,9,9,Right,Right,300,3
ZigZagFSM,MonteCarloStateSingle-Time300,6,4,8,7,7.211102551,10.63014581,9,12,0,0,18,2,12,8,12,8,8,12,10,10,5,15,4,3,12,1,10,10,Right,Right,300,3
ZigZagFSM,MonteCarloStateSingle-Time300,4,3,6,6,5,8.485281374,8,11,0,1,17,3,11,9,13,7,8,12,11,9,5,15,4,4,13,2,11,11,Right,Right,300,3
ZigZagFSM,MonteCarloStateSingle-Time300,2,2,4,5,2.828427125,6.403124237,7,10,1,1,16,4,10,10,14,6,8,12,12,8,5,15,4,5,14,3,12,12,Down,Down,300,3
ZigZagFSM,MonteCarloStateSingle-Time300,1,0,3,3,1,4.242640687,6,9,0,1,15,5,9,11,14,6,9,11,12,8,6,14,4,5,14,3,12,13,Right,Right,300,3
