catStrategy,dogStrategy,catToDog1x,catToDog1y,catToDog2x,catToDog2y,catToDog1,catToDog2,catToExitX,catToExitY,catDog1Angle,catDog2Angle,catToLeft,catToRight,catToTop,catToBottom,dog1ToLeft,dog1ToRight,dog1ToTop,dog1ToBottom,dog2ToLeft,dog2ToRight,dog2ToTop,dog2ToBottom,dogInnterDist,dog1ToExitX,dog1ToExitY,dog2ToExitX,dog2ToExitY,turn,dog1Dir,dog2Dir,CalculationTime,GameResult
ZigZagFSM,MonteCarloStateSingle-Time300,3,0,1,1,3,1.414213562,-1,6,0,1,8,12,6,14,5,15,6,14,7,13,5,15,2,-4,5,-2,7,17,Right,Right,300,3
ZigZagFSM,MonteCarloStateSingle-Time300,3,-1,1,0,3.16227766,1,0,5,0,0,9,11,5,15,6,14,6,14,8,12,5,15,2,-3,6,-1,8,18,Right,Right,300,3
ZigZagFSM,MonteCarloStateSingle-Time300,1,12,-2,12,12.04159458,12.16552506,0,17,12,-6,9,11,17,3,8,12,5,15,11,9,5,15,3,-1,8,2,11,1,Right,Down,300,3
ZigZagFSM,MonteCarloStateSingle-Time300,1,11,-1,10,11.04536102,10.04987562,1,16,11,-10,10,10,16,4,9,11,5,15,11,9,6,14,2,0,9,2,11,2,Right,Left,300,3
ZigZagFSM,MonteCarloStateSingle-Time300,1,10,1,9,10.04987562,9.055385138,2,15,10,9,11,9,15,5,10,10,5,15,10,10,6,14,1,1,10,1,10,3,Right,Down,300,3
ZigZagFSM,MonteCarloStateSingle-Time300,0,8,1,6,8,6.08276253,2,13,1,6,11,9,13,7,11,9,5,15,10,10,7,13,2,2,11,1,10,4,Down,Right,300,3
ZigZagFSM,MonteCarloStateSingle-Time300,1,6,1,5,6.08276253,5.099019514,3,12,6,5,12,8,12,8,11,9,6,14,11,9,7,13,1,2,11,2,11,5,Down,Down,300,3
ZigZagFSM,MonteCarloStateSingle-Time300,1,3,1,2,3.16227766,2.236067977,3,10,3,2,12,8,10,10,11,9,7,13,11,9,8,12,1,2,11,2,11,6,Up,Right,300,3
ZigZagFSM,MonteCarloStateSingle-Time300,2,3,1,1,3.605551275,1.414213562,4,9,1,1,13,7,9,11,11,9,6,14,12,8,8,12,2,2,11,3,12,7,Right,Up,300,3
ZigZagFSM,MonteCarloStateSingle-Time300,1,1,1,0,1.414213562,1,4,7,1,0,13,7,7,13,12,8,6,14,12,8,7,13,1,3,12,3,12,8,Right,Right,300,3
ZigZagFSM,MonteCarloStateSingle-Time300,1,12,-2,12,12.04159458,12.16552506,0,17,12,-6,9,11,17,3,8,12,5,15,11,9,5,15,3,-1,8,2,11,1,Down,Down,300,3
ZigZagFSM,MonteCarloStateSingle-Time300,0,10,-3,10,10,10.44030651,-1,16,1,-3,8,12,16,4,8,12,6,14,11,9,6,14,3,-1,8,2,11,2,Down,Left,300,3
ZigZagFSM,MonteCarloStateSingle-Time300,-2,9,-4,10,9.219544457,10.77032961,-3,16,-4,-2,6,14,16,4,8,12,7,13,10,10,6,14,2,-1,8,1,10,3,Down,Left,300,3
ZigZagFSM,MonteCarloStateSingle-Time300,-3,7,-4,9,7.615773106,9.848857802,-4,15,-2,-2,5,15,15,5,8,12,8,12,9,11,6,14,2,-1,8,0,9,4,Left,Left,300,3
ZigZagFSM,MonteCarloStateSingle-Time300,-3,6,-4,8,6.708203932,8.94427191,-5,14,-2,-2,4,16,14,6,7,13,8,12,8,12,6,14,2,-2,7,-1,8,5,Up,Down,300,3
ZigZagFSM,MonteCarloStateSingle-Time300,-4,6,-5,6,7.211102551,7.810249676,-6,13,-1,-1,3,17,13,7,7,13,7,13,8,12,7,13,1,-2,7,-1,8,6,Left,Left,300,3
ZigZagFSM,MonteCarloStateSingle-Time300,-4,5,-5,5,6.403124237,7.071067812,-7,12,-1,-1,2,18,12,8,6,14,7,13,7,13,7,13,1,-3,6,-2,7,7,Left,Down,300,3
ZigZagFSM,MonteCarloStateSingle-Time300,-4,4,-6,3,5.656854249,6.708203932,-8,11,-1,0,1,19,11,9,5,15,7,13,7,13,8,12,2,-4,5,-2,7,8,Left,Left,300,3
ZigZagFSM,MonteCarloStateSingle-Time300,-4,4,-6,3,5.656854249,6.708203932,-9,11,-1,0,0,20,11,9,4,16,7,13,6,14,8,12,2,-5,4,-3,6,9,Left,Up,300,3
ZigZagFSM,MonteCarloStateSingle-Time300,-1,4,-4,4,4.123105626,5.656854249,-7,11,-4,-1,2,18,11,9,3,17,7,13,6,14,7,13,3,-6,3,-3,6,10,Down,Left,300,3
ZigZagFSM,MonteCarloStateSingle-Time300,1,3,-1,4,3.16227766,4.123105626,-5,11,3,-4,4,16,11,9,3,17,8,12,5,15,7,13,2,-6,3,-4,5,11,Up,Right,300,3
ZigZagFSM,MonteCarloStateSingle-Time300,3,4,0,4,5,4,-3,11,1,1,6,14,11,9,3,17,7,13,6,14,7,13,3,-6,3,-3,6,12,Right,Right,300,3
ZigZagFSM,MonteCarloStateSingle-Time300,4,4,1,4,5.656854249,4.123105626,-1,11,1,4,8,12,11,9,4,16,7,13,7,13,7,13,3,-5,4,-2,7,13,Right,Right,300,3
ZigZagFSM,MonteCarloStateSingle-Time300,4,3,1,3,5,3.16227766,0,10,0,3,9,11,10,10,5,15,7,13,8,12,7,13,3,-4,5,-1,8,14,Right,Right,300,3
ZigZagFSM,MonteCarloStateSingle-Time300,3,1,0,1,3.16227766,1,0,8,0,1,9,11,8,12,6,14,7,13,9,11,7,13,3,-3,6,0,9,15,Right,Down,300,3
ZigZagFSM,MonteCarloStateSingle-Time300,1,14,-2,14,14.03566885,14.14213562,0,19,14,-7,9,11,19,1,8,12,5,15,11,9,5,15,3,-1,8,2,11,0,Down,Down,300,3
ZigZagFSM,MonteCarloStateSingle-Time300,1,13,-2,13,13.03840481,13.15294644,0,19,13,-6,9,11,19,1,8,12,6,14,11,9,6,14,3,-1,8,2,11,1,Right,Down,300,3
ZigZagFSM,MonteCarloStateSingle-Time300,1,12,-1,11,12.04159458,11.04536102,1,18,12,-11,10,10,18,2,9,11,6,14,11,9,7,13,2,0,9,2,11,2,Down,Left,300,3
ZigZagFSM,MonteCarloStateSingle-Time300,2,10,1,10,10.19803903,10.04987562,2,17,5,10,11,9,17,3,9,11,7,13,10,10,7,13,1,0,9,1,10,3,Down,Right,300,3
ZigZagFSM,MonteCarloStateSingle-Time300,3,8,1,9,8.544003745,9.055385138,3,16,2,9,12,8,16,4,9,11,8,12,11,9,7,13,2,0,9,2,11,4,Down,Down,300,3
ZigZagFSM,MonteCarloStateSingle-Time300,3,5,1,6,5.830951895,6.08276253,3,14,1,6,12,8,14,6,9,11,9,11,11,9,8,12,2,0,9,2,11,5,Right,Right,300,3
ZigZagFSM,MonteCarloStateSingle-Time300,2,3,0,4,3.605551275,4,3,12,1,1,12,8,12,8,10,10,9,11,12,8,8,12,2,1,10,3,12,6,Up,Right,300,3
ZigZagFSM,MonteCarloStateSingle-Time300,3,3,0,3,4.242640687,3,4,11,1,1,13,7,11,9,10,10,8,12,13,7,8,12,3,1,10,4,13,7,Right,Right,300,3
ZigZagFSM,MonteCarloStateSingle-Time300,3,2,0,2,3.605551275,2,5,10,0,1,14,6,10,10,11,9,8,12,14,6,8,12,3,2,11,5,14,8,Right,Right,300,3
ZigZagFSM,MonteCarloStateSingle-Time300,3,1,0,1,3.16227766,1,6,9,0,1,15,5,9,11,12,8,8,12,15,5,8,12,3,3,12,6,15,9,Right,Down,300,3
ZigZagFSM,MonteCarloStateSingle-Time300,1,12,-2,12,12.04159458,12.16552506,0,17,12,-6,9,11,17,3,8,12,5,15,11,9,5,15,3,-1,8,2,11,1,Down,Down,300,3
ZigZagFSM,MonteCarloStateSingle-Time300,1,9,-2,9,9.055385138,9.219544457,0,15,9,-4,9,11,15,5,8,12,6,14,11,9,6,14,3,-1,8,2,11,2,Right,Left,300,3
ZigZagFSM,MonteCarloStateSingle-Time300,2,9,1,9,9.219544457,9.055385138,2,15,4,9,11,9,15,5,9,11,6,14,10,10,6,14,1,0,9,1,10,3,Right,Right,300,3
ZigZagFSM,MonteCarloStateSingle-Time300,2,8,1,8,8.246211251,8.062257748,3,14,4,8,12,8,14,6,10,10,6,14,11,9,6,14,1,1,10,2,11,4,Down,Right,300,3
ZigZagFSM,MonteCarloStateSingle-Time300,2,5,0,6,5.385164807,6,3,12,2,1,12,8,12,8,10,10,7,13,12,8,6,14,2,1,10,3,12,5,Down,Right,300,3
ZigZagFSM,MonteCarloStateSingle-Time300,3,3,0,5,4.242640687,5,4,11,1,1,13,7,11,9,10,10,8,12,13,7,6,14,4,1,10,4,13,6,Right,Right,300,3
ZigZagFSM,MonteCarloStateSingle-Time300,3,2,0,4,3.605551275,4,5,10,0,1,14,6,10,10,11,9,8,12,14,6,6,14,4,2,11,5,14,7,Right,Right,300,3
ZigZagFSM,MonteCarloStateSingle-Time300,3,1,0,3,3.16227766,3,6,9,0,1,15,5,9,11,12,8,8,12,15,5,6,14,4,3,12,6,15,8,Right,Right,300,3
ZigZagFSM,MonteCarloStateSingle-Time300,1,0,-2,2,1,2.828427125,5,8,0,-1,14,6,8,12,13,7,8,12,16,4,6,14,4,4,13,7,16,9,Right,Right,300,3
ZigZagFSM,MonteCarloStateSingle-Time300,1,12,-2,12,12.04159458,12.16552506,0,17,12,-6,9,11,17,3,8,12,5,15,11,9,5,15,3,-1,8,2,11,1,Down,Down,300,3
ZigZagFSM,MonteCarloStateSingle-Time300,-1,11,-4,11,11.04536102,11.70469991,-2,17,-11,-2,7,13,17,3,8,12,6,14,11,9,6,14,3,-1,8,2,11,2,Down,Left,300,3
ZigZagFSM,MonteCarloStateSingle-Time300,-2,9,-4,10,9.219544457,10.77032961,-3,16,-4,-2,6,14,16,4,8,12,7,13,10,10,6,14,2,-1,8,1,10,3,Left,Down,300,3
ZigZagFSM,MonteCarloStateSingle-Time300,-2,8,-5,8,8.246211251,9.433981132,-4,15,-4,-1,5,15,15,5,7,13,7,13,10,10,7,13,3,-2,7,1,10,4,Down,Left,300,3
ZigZagFSM,MonteCarloStateSingle-Time300,-4,7,-6,8,8.062257748,10,-6,15,-1,-1,3,17,15,5,7,13,8,12,9,11,7,13,2,-2,7,0,9,5,Left,Left,300,3
ZigZagFSM,MonteCarloStateSingle-Time300,-5,7,-7,8,8.602325267,10.63014581,-8,15,-1,-1,1,19,15,5,6,14,8,12,8,12,7,13,2,-3,6,-1,8,6,Down,Left,300,3
ZigZagFSM,MonteCarloStateSingle-Time300,-5,4,-6,6,6.403124237,8.485281374,-8,13,0,-1,1,19,13,7,6,14,9,11,7,13,7,13,2,-3,6,-2,7,7,Left,Left,300,3
ZigZagFSM,MonteCarloStateSingle-Time300,-5,3,-6,5,5.830951895,7.810249676,-9,12,0,0,0,20,12,8,5,15,9,11,6,14,7,13,2,-4,5,-3,6,8,Left,Left,300,3
ZigZagFSM,MonteCarloStateSingle-Time300,-2,3,-3,5,3.605551275,5.830951895,-7,12,-1,-1,2,18,12,8,4,16,9,11,5,15,7,13,2,-5,4,-4,5,9,Left,Up,300,3
ZigZagFSM,MonteCarloStateSingle-Time300,1,3,-1,6,3.16227766,6.08276253,-5,12,3,-6,4,16,12,8,3,17,9,11,5,15,6,14,4,-6,3,-4,5,10,Right,Right,300,3
ZigZagFSM,MonteCarloStateSingle-Time300,1,2,-1,5,2.236067977,5.099019514,-4,11,2,-5,5,15,11,9,4,16,9,11,6,14,6,14,4,-5,4,-3,6,11,Right,Right,300,3
ZigZagFSM,MonteCarloStateSingle-Time300,1,1,-1,4,1.414213562,4.123105626,-3,10,1,-4,6,14,10,10,5,15,9,11,7,13,6,14,4,-4,5,-2,7,12,Right,Right,300,3
ZigZagFSM,MonteCarloStateSingle-Time300,1,0,-1,3,1,3.16227766,-2,9,0,-3,7,13,9,11,6,14,9,11,8,12,6,14,4,-3,6,-1,8,13,Right,Right,300,3
ZigZagFSM,MonteCarloStateSingle-Time300,1,14,-2,14,14.03566885,14.14213562,0,19,14,-7,9,11,19,1,8,12,5,15,11,9,5,15,3,-1,8,2,11,1,Down,Left,300,3
ZigZagFSM,MonteCarloStateSingle-Time300,0,12,-2,13,12,13.15294644,-1,18,1,-6,8,12,18,2,8,12,6,14,10,10,5,15,2,-1,8,1,10,2,Left,Down,300,3
ZigZagFSM,MonteCarloStateSingle-Time300,0,11,-3,11,11,11.40175425,-2,17,1,-3,7,13,17,3,7,13,6,14,10,10,6,14,3,-2,7,1,10,3,Left,Left,300,3
ZigZagFSM,MonteCarloStateSingle-Time300,-1,11,-4,11,11.04536102,11.70469991,-4,17,-11,-2,5,15,17,3,6,14,6,14,9,11,6,14,3,-3,6,0,9,4,Left,Down,300,3
ZigZagFSM,MonteCarloStateSingle-Time300,0,9,-4,8,9,8.94427191,-4,15,1,-2,5,15,15,5,5,15,6,14,9,11,7,13,4,-4,5,0,9,5,Left,Left,300,3
ZigZagFSM,MonteCarloStateSingle-Time300,0,8,-4,7,8,8.062257748,-5,14,1,-1,4,16,14,6,4,16,6,14,8,12,7,13,4,-5,4,-1,8,6,Down,Left,300,3
ZigZagFSM,MonteCarloStateSingle-Time300,-1,6,-4,6,6.08276253,7.211102551,-6,13,-6,-1,3,17,13,7,4,16,7,13,7,13,7,13,3,-5,4,-2,7,7,Left,Left,300,3
ZigZagFSM,MonteCarloStateSingle-Time300,-1,5,-4,5,5.099019514,6.403124237,-7,12,-5,-1,2,18,12,8,3,17,7,13,6,14,7,13,3,-6,3,-3,6,8,Left,Up,300,3
ZigZagFSM,MonteCarloStateSingle-Time300,-2,5,-6,6,5.385164807,8.485281374,-9,12,-2,-1,0,20,12,8,2,18,7,13,6,14,6,14,4,-7,2,-3,6,9,Down,Left,300,3
ZigZagFSM,MonteCarloStateSingle-Time300,-1,3,-4,5,3.16227766,6.403124237,-8,11,-3,-1,1,19,11,9,2,18,8,12,5,15,6,14,4,-7,2,-4,5,10,Left,Up,300,3
ZigZagFSM,MonteCarloStateSingle-Time300,1,2,-3,5,2.236067977,5.830951895,-7,10,2,-1,2,18,10,10,1,19,8,12,5,15,5,15,5,-8,1,-4,5,11,Right,Right,300,3
ZigZagFSM,MonteCarloStateSingle-Time300,1,1,-3,4,1.414213562,5,-6,9,1,-1,3,17,9,11,2,18,8,12,6,14,5,15,5,-7,2,-3,6,12,Right,Right,300,3
ZigZagFSM,MonteCarloStateSingle-Time300,1,0,-3,3,1,4.242640687,-5,8,0,-1,4,16,8,12,3,17,8,12,7,13,5,15,5,-6,3,-2,7,13,Right,Right,300,3
ZigZagFSM,MonteCarloStateSingle-Time300,1,14,-2,14,14.03566885,14.14213562,0,19,14,-7,9,11,19,1,8,12,5,15,11,9,5,15,3,-1,8,2,11,1,Down,Down,300,3
ZigZagFSM,MonteCarloStateSingle-Time300,3,13,0,13,13.34166406,13,2,19,4,1,11,9,19,1,8,12,6,14,11,9,6,14,3,-1,8,2,11,2,Right,Left,300,3
ZigZagFSM,MonteCarloStateSingle-Time300,3,12,2,12,12.36931688,12.16552506,3,18,4,6,12,8,18,2,9,11,6,14,10,10,6,14,1,0,9,1,10,3,Down,Right,300,3
ZigZagFSM,MonteCarloStateSingle-Time300,5,11,3,12,12.08304597,12.36931688,5,18,2,4,14,6,18,2,9,11,7,13,11,9,6,14,2,0,9,2,11,4,Down,Down,300,3
ZigZagFSM,MonteCarloStateSingle-Time300,6,9,4,10,10.81665383,10.77032961,6,17,1,2,15,5,17,3,9,11,8,12,11,9,7,13,2,0,9,2,11,5,Down,Down,300,3
ZigZagFSM,MonteCarloStateSingle-Time300,6,6,4,7,8.485281374,8.062257748,6,15,1,1,15,5,15,5,9,11,9,11,11,9,8,12,2,0,9,2,11,6,Down,Right,300,3
ZigZagFSM,MonteCarloStateSingle-Time300,7,4,4,6,8.062257748,7.211102551,7,14,0,1,16,4,14,6,9,11,10,10,12,8,8,12,4,0,9,3,12,7,Up,Right,300,3
ZigZagFSM,MonteCarloStateSingle-Time300,9,5,5,6,10.29563014,7.810249676,9,14,0,1,18,2,14,6,9,11,9,11,13,7,8,12,4,0,9,4,13,8,Down,Down,300,3
ZigZagFSM,MonteCarloStateSingle-Time300,11,4,7,5,11.70469991,8.602325267,11,14,0,0,20,0,14,6,9,11,10,10,13,7,9,11,4,0,9,4,13,9,Right,Down,300,3
ZigZagFSM,MonteCarloStateSingle-Time300,10,2,7,2,10.19803903,7.280109889,11,12,0,0,20,0,12,8,10,10,10,10,13,7,10,10,3,1,10,4,13,10,Up,Right,300,3
ZigZagFSM,MonteCarloStateSingle-Time300,9,2,5,1,9.219544457,5.099019514,10,11,0,0,19,1,11,9,10,10,9,11,14,6,10,10,4,1,10,5,14,11,Right,Right,300,3
ZigZagFSM,MonteCarloStateSingle-Time300,7,1,3,0,7.071067812,3,9,10,0,0,18,2,10,10,11,9,9,11,15,5,10,10,4,2,11,6,15,12,Right,Up,300,3
ZigZagFSM,MonteCarloStateSingle-Time300,5,0,2,0,5,2,8,9,0,0,17,3,9,11,12,8,9,11,15,5,9,11,3,3,12,6,15,13,Right,Right,300,3
ZigZagFSM,MonteCarloStateSingle-Time300,3,-1,0,-1,3.16227766,1,7,8,0,1,16,4,8,12,13,7,9,11,16,4,9,11,3,4,13,7,16,14,Right,Up,300,3
ZigZagFSM,MonteCarloStateSingle-Time300,3,14,0,14,14.31782106,14,2,19,4,1,11,9,19,1,8,12,5,15,11,9,5,15,3,-1,8,2,11,1,Right,Down,300,3
ZigZagFSM,MonteCarloStateSingle-Time300,2,12,0,11,12.16552506,11,2,17,6,1,11,9,17,3,9,11,5,15,11,9,6,14,2,0,9,2,11,2,Right,Down,300,3
ZigZagFSM,MonteCarloStateSingle-Time300,3,12,2,10,12.36931688,10.19803903,4,17,4,5,13,7,17,3,10,10,5,15,11,9,7,13,2,1,10,2,11,3,Right,Down,300,3
ZigZagFSM,MonteCarloStateSingle-Time300,4,12,4,9,12.64911064,9.848857802,6,17,3,2,15,5,17,3,11,9,5,15,11,9,8,12,3,2,11,2,11,4,Right,Right,300,3
ZigZagFSM,MonteCarloStateSingle-Time300,4,11,4,8,11.70469991,8.94427191,7,16,2,2,16,4,16,4,12,8,5,15,12,8,8,12,3,3,12,3,12,5,Down,Right,300,3
ZigZagFSM,MonteCarloStateSingle-Time300,4,8,3,6,8.94427191,6.708203932,7,14,2,2,16,4,14,6,12,8,6,14,13,7,8,12,2,3,12,4,13,6,Right,Right,300,3
ZigZagFSM,MonteCarloStateSingle-Time300,5,8,4,6,9.433981132,7.211102551,9,14,1,1,18,2,14,6,13,7,6,14,14,6,8,12,2,4,13,5,14,7,Right,Down,300,3
ZigZagFSM,MonteCarloStateSingle-Time300,5,7,5,4,8.602325267,6.403124237,10,13,1,0,19,1,13,7,14,6,6,14,14,6,9,11,3,5,14,5,14,8,Down,Down,300,3
ZigZagFSM,MonteCarloStateSingle-Time300,5,4,5,1,6.403124237,5.099019514,10,11,0,0,19,1,11,9,14,6,7,13,14,6,10,10,3,5,14,5,14,9,Right,Up,300,3
ZigZagFSM,MonteCarloStateSingle-Time300,3,3,4,1,4.242640687,4.123105626,9,10,1,0,18,2,10,10,15,5,7,13,14,6,9,11,2,6,15,5,14,10,Right,Right,300,3
ZigZagFSM,MonteCarloStateSingle-Time300,0,3,1,1,3,1.414213562,7,10,1,1,16,4,10,10,16,4,7,13,15,5,9,11,2,7,16,6,15,11,Up,Up,300,3
ZigZagFSM,MonteCarloStateSingle-Time300,0,2,1,0,2,1,7,8,1,0,16,4,8,12,16,4,6,14,15,5,8,12,2,7,16,6,15,12,Up,Right,300,3
ZigZagFSM,MonteCarloStateSingle-Time300,-1,14,-4,14,14.03566885,14.56021978,-2,19,-14,-3,7,13,19,1,8,12,5,15,11,9,5,15,3,-1,8,2,11,1,Down,Down,300,3
ZigZagFSM,MonteCarloStateSingle-Time300,-2,12,-5,12,12.16552506,13,-3,18,-6,-2,6,14,18,2,8,12,6,14,11,9,6,14,3,-1,8,2,11,2,Left,Down,300,3
ZigZagFSM,MonteCarloStateSingle-Time300,-2,11,-6,10,11.18033989,11.66190379,-4,17,-5,-1,5,15,17,3,7,13,6,14,11,9,7,13,4,-2,7,2,11,3,Left,Left,300,3
ZigZagFSM,MonteCarloStateSingle-Time300,-2,10,-6,9,10.19803903,10.81665383,-5,16,-5,-1,4,16,16,4,6,14,6,14,10,10,7,13,4,-3,6,1,10,4,Left,Left,300,3
ZigZagFSM,MonteCarloStateSingle-Time300,-1,8,-5,7,8.062257748,8.602325267,-5,14,-8,-1,4,16,14,6,5,15,6,14,9,11,7,13,4,-4,5,0,9,5,Down,Down,300,3
ZigZagFSM,MonteCarloStateSingle-Time300,-1,5,-5,4,5.099019514,6.403124237,-5,12,-5,0,4,16,12,8,5,15,7,13,9,11,8,12,4,-4,5,0,9,6,Left,Left,300,3
ZigZagFSM,MonteCarloStateSingle-Time300,-1,4,-5,3,4.123105626,5.830951895,-6,11,-4,0,3,17,11,9,4,16,7,13,8,12,8,12,4,-5,4,-1,8,7,Left,Up,300,3
ZigZagFSM,MonteCarloStateSingle-Time300,-1,3,-6,3,3.16227766,6.708203932,-7,10,-3,0,2,18,10,10,3,17,7,13,8,12,7,13,5,-6,3,-1,8,8,Left,Left,300,3
ZigZagFSM,MonteCarloStateSingle-Time300,-2,3,-7,3,3.605551275,7.615773106,-9,10,-1,0,0,20,10,10,2,18,7,13,7,13,7,13,5,-7,2,-2,7,9,Left,Left,300,3
ZigZagFSM,MonteCarloStateSingle-Time300,0,2,-5,2,2,5.385164807,-8,9,1,0,1,19,9,11,1,19,7,13,6,14,7,13,5,-8,1,-3,6,10,Up,Up,300,3
ZigZagFSM,MonteCarloStateSingle-Time300,1,2,-4,2,2.236067977,4.472135955,-7,8,2,0,2,18,8,12,1,19,6,14,6,14,6,14,5,-8,1,-3,6,11,Right,Right,300,3
ZigZagFSM,MonteCarloStateSingle-Time300,1,1,-4,1,1.414213562,4.123105626,-6,7,1,0,3,17,7,13,2,18,6,14,7,13,6,14,5,-7,2,-2,7,12,Right,Right,300,3
ZigZagFSM,MonteCarloStateSingle-Time300,1,0,-4,0,1,4,-5,6,0,0,4,16,6,14,3,17,6,14,8,12,6,14,5,-6,3,-1,8,13,Right,Right,300,3
ZigZagFSM,MonteCarloStateSingle-Time300,1,14,-2,14,14.03566885,14.14213562,0,19,14,-7,9,11,19,1,8,12,5,15,11,9,5,15,3,-1,8,2,11,1,Down,Left,300,3
ZigZagFSM,MonteCarloStateSingle-Time300,0,12,-2,13,12,13.15294644,-1,18,1,-6,8,12,18,2,8,12,6,14,10,10,5,15,2,-1,8,1,10,2,Down,Down,300,3
ZigZagFSM,MonteCarloStateSingle-Time300,-2,11,-4,12,11.18033989,12.64911064,-3,18,-5,-3,6,14,18,2,8,12,7,13,10,10,6,14,2,-1,8,1,10,3,Down,Left,300,3
ZigZagFSM,MonteCarloStateSingle-Time300,-3,9,-4,11,9.486832981,11.70469991,-4,17,-3,-2,5,15,17,3,8,12,8,12,9,11,6,14,2,-1,8,0,9,4,Left,Down,300,3
ZigZagFSM,MonteCarloStateSingle-Time300,-3,8,-5,9,8.544003745,10.29563014,-5,16,-2,-1,4,16,16,4,7,13,8,12,9,11,7,13,2,-2,7,0,9,5,Down,Down,300,3
ZigZagFSM,MonteCarloStateSingle-Time300,-4,6,-6,7,7.211102551,9.219544457,-6,15,-1,-1,3,17,15,5,7,13,9,11,9,11,8,12,2,-2,7,0,9,6,Up,Left,300,3
ZigZagFSM,MonteCarloStateSingle-Time300,-4,5,-5,5,6.403124237,7.071067812,-6,13,-1,-1,3,17,13,7,7,13,8,12,8,12,8,12,1,-2,7,-1,8,7,Left,Down,300,3
ZigZagFSM,MonteCarloStateSingle-Time300,-3,3,-5,2,4.242640687,5.385164807,-6,11,-1,0,3,17,11,9,6,14,8,12,8,12,9,11,2,-3,6,-1,8,8,Up,Left,300,3
ZigZagFSM,MonteCarloStateSingle-Time300,-5,4,-6,2,6.403124237,6.32455532,-8,11,0,0,1,19,11,9,6,14,7,13,7,13,9,11,2,-3,6,-2,7,9,Left,Left,300,3
ZigZagFSM,MonteCarloStateSingle-Time300,-4,2,-5,0,4.472135955,5,-8,9,0,0,1,19,9,11,5,15,7,13,6,14,9,11,2,-4,5,-3,6,10,Left,Left,300,3
ZigZagFSM,MonteCarloStateSingle-Time300,-2,1,-3,-1,2.236067977,3.16227766,-7,8,0,0,2,18,8,12,4,16,7,13,5,15,9,11,2,-5,4,-4,5,11,Left,Left,300,3
ZigZagFSM,MonteCarloStateSingle-Time300,1,1,0,-1,1.414213562,1,-5,8,1,1,4,16,8,12,3,17,7,13,4,16,9,11,2,-6,3,-5,4,12,Right,Up,300,3
ZigZagFSM,MonteCarloStateSingle-Time300,1,13,-2,13,13.03840481,13.15294644,0,18,13,-6,9,11,18,2,8,12,5,15,11,9,5,15,3,-1,8,2,11,0,Down,Down,300,3
ZigZagFSM,MonteCarloStateSingle-Time300,1,10,-2,10,10.04987562,10.19803903,0,16,10,-5,9,11,16,4,8,12,6,14,11,9,6,14,3,-1,8,2,11,1,Right,Left,300,3
ZigZagFSM,MonteCarloStateSingle-Time300,2,10,1,10,10.19803903,10.04987562,2,16,5,10,11,9,16,4,9,11,6,14,10,10,6,14,1,0,9,1,10,2,Down,Down,300,3
ZigZagFSM,MonteCarloStateSingle-Time300,4,9,3,9,9.848857802,9.486832981,4,16,2,3,13,7,16,4,9,11,7,13,10,10,7,13,1,0,9,1,10,3,Right,Right,300,3
ZigZagFSM,MonteCarloStateSingle-Time300,4,8,3,8,8.94427191,8.544003745,5,15,2,2,14,6,15,5,10,10,7,13,11,9,7,13,1,1,10,2,11,4,Right,Down,300,3
ZigZagFSM,MonteCarloStateSingle-Time300,3,6,3,5,6.708203932,5.830951895,5,13,2,1,14,6,13,7,11,9,7,13,11,9,8,12,1,2,11,2,11,5,Right,Down,300,3
ZigZagFSM,MonteCarloStateSingle-Time300,4,6,5,4,7.211102551,6.403124237,7,13,1,0,16,4,13,7,12,8,7,13,11,9,9,11,2,3,12,2,11,6,Up,Down,300,3
ZigZagFSM,MonteCarloStateSingle-Time300,1,11,-1,12,11.04536102,12.04159458,0,17,11,-12,9,11,17,3,8,12,6,14,10,10,5,15,2,-1,8,1,10,1,Right,Down,300,3
ZigZagFSM,MonteCarloStateSingle-Time300,-2,11,-3,11,11.18033989,11.40175425,-2,17,-5,-3,7,13,17,3,9,11,6,14,10,10,6,14,1,0,9,1,10,2,Left,Left,300,3
ZigZagFSM,MonteCarloStateSingle-Time300,-3,11,-4,11,11.40175425,11.70469991,-4,17,-3,-2,5,15,17,3,8,12,6,14,9,11,6,14,1,-1,8,0,9,3,Left,Left,300,3
ZigZagFSM,MonteCarloStateSingle-Time300,-3,10,-4,10,10.44030651,10.77032961,-5,16,-3,-2,4,16,16,4,7,13,6,14,8,12,6,14,1,-2,7,-1,8,4,Left,Left,300,3
ZigZagFSM,MonteCarloStateSingle-Time300,-3,9,-4,9,9.486832981,9.848857802,-6,15,-3,-2,3,17,15,5,6,14,6,14,7,13,6,14,1,-3,6,-2,7,5,Down,Down,300,3
ZigZagFSM,MonteCarloStateSingle-Time300,-3,6,-4,6,6.708203932,7.211102551,-6,13,-2,-1,3,17,13,7,6,14,7,13,7,13,7,13,1,-3,6,-2,7,6,Left,Down,300,3
ZigZagFSM,MonteCarloStateSingle-Time300,-2,4,-4,3,4.472135955,5,-6,11,-2,0,3,17,11,9,5,15,7,13,7,13,8,12,2,-4,5,-2,7,7,Left,Left,300,3
ZigZagFSM,MonteCarloStateSingle-Time300,-2,3,-4,2,3.605551275,4.472135955,-7,10,-1,0,2,18,10,10,4,16,7,13,6,14,8,12,2,-5,4,-3,6,8,Left,Left,300,3
ZigZagFSM,MonteCarloStateSingle-Time300,-2,2,-4,1,2.828427125,4.123105626,-8,9,-1,0,1,19,9,11,3,17,7,13,5,15,8,12,2,-6,3,-4,5,9,Left,Left,300,3
ZigZagFSM,MonteCarloStateSingle-Time300,1,2,-1,1,2.236067977,1.414213562,-6,9,2,-1,3,17,9,11,2,18,7,13,4,16,8,12,2,-7,2,-5,4,10,Right,Right,300,3
ZigZagFSM,MonteCarloStateSingle-Time300,2,2,0,1,2.828427125,1,-4,9,1,1,5,15,9,11,3,17,7,13,5,15,8,12,2,-6,3,-4,5,11,Right,Down,300,3
ZigZagFSM,MonteCarloStateSingle-Time300,1,12,-2,12,12.04159458,12.16552506,0,17,12,-6,9,11,17,3,8,12,5,15,11,9,5,15,3,-1,8,2,11,1,Right,Left,300,3
ZigZagFSM,MonteCarloStateSingle-Time300,-1,11,-2,11,11.04536102,11.18033989,-1,16,-11,-5,8,12,16,4,9,11,5,15,10,10,5,15,1,0,9,1,10,2,Down,Down,300,3
ZigZagFSM,MonteCarloStateSingle-Time300,-2,9,-3,9,9.219544457,9.486832981,-2,15,-4,-3,7,13,15,5,9,11,6,14,10,10,6,14,1,0,9,1,10,3,Left,Down,300,3
ZigZagFSM,MonteCarloStateSingle-Time300,-1,7,-3,6,7.071067812,6.708203932,-2,13,-7,-2,7,13,13,7,8,12,6,14,10,10,7,13,2,-1,8,1,10,4,Left,Down,300,3
ZigZagFSM,MonteCarloStateSingle-Time300,-1,6,-4,4,6.08276253,5.656854249,-3,12,-6,-1,6,14,12,8,7,13,6,14,10,10,8,12,4,-2,7,1,10,5,Left,Left,300,3
ZigZagFSM,MonteCarloStateSingle-Time300,-2,6,-5,4,6.32455532,6.403124237,-5,12,-3,0,4,16,12,8,6,14,6,14,9,11,8,12,4,-3,6,0,9,6,Left,Down,300,3
ZigZagFSM,MonteCarloStateSingle-Time300,-1,4,-5,1,4.123105626,5.099019514,-5,10,-4,0,4,16,10,10,5,15,6,14,9,11,9,11,5,-4,5,0,9,7,Left,Left,300,3
ZigZagFSM,MonteCarloStateSingle-Time300,-1,3,-5,0,3.16227766,5,-6,9,-3,0,3,17,9,11,4,16,6,14,8,12,9,11,5,-5,4,-1,8,8,Up,Left,300,3
ZigZagFSM,MonteCarloStateSingle-Time300,0,3,-3,-1,3,3.16227766,-5,8,1,0,4,16,8,12,4,16,5,15,7,13,9,11,5,-5,4,-2,7,9,Up,Up,300,3
ZigZagFSM,MonteCarloStateSingle-Time300,2,4,-1,0,4.472135955,1,-3,8,2,0,6,14,8,12,4,16,4,16,7,13,8,12,5,-5,4,-2,7,10,Right,Left,300,3
ZigZagFSM,MonteCarloStateSingle-Time300,1,13,-2,13,13.03840481,13.15294644,0,18,13,-6,9,11,18,2,8,12,5,15,11,9,5,15,3,-1,8,2,11,0,Down,Down,300,3
ZigZagFSM,MonteCarloStateSingle-Time300,1,14,-2,14,14.03566885,14.14213562,0,19,14,-7,9,11,19,1,8,12,5,15,11,9,5,15,3,-1,8,2,11,0,Down,Left,300,3
ZigZagFSM,MonteCarloStateSingle-Time300,0,11,-3,11,11,11.40175425,-1,17,1,-3,8,12,17,3,8,12,6,14,11,9,6,14,3,-1,8,2,11,1,Left,Down,300,3
ZigZagFSM,MonteCarloStateSingle-Time300,2,10,-2,9,10.19803903,9.219544457,0,16,5,-4,9,11,16,4,7,13,6,14,11,9,7,13,4,-2,7,2,11,2,Down,Down,300,3
ZigZagFSM,MonteCarloStateSingle-Time300,3,8,-1,7,8.544003745,7.071067812,1,15,2,-7,10,10,15,5,7,13,7,13,11,9,8,12,4,-2,7,2,11,3,Right,Down,300,3
ZigZagFSM,MonteCarloStateSingle-Time300,2,6,-1,4,6.32455532,4.123105626,1,13,3,-4,10,10,13,7,8,12,7,13,11,9,9,11,4,-1,8,2,11,4,Right,Right,300,3
ZigZagFSM,MonteCarloStateSingle-Time300,2,5,-1,3,5.385164807,3.16227766,2,12,2,-3,11,9,12,8,9,11,7,13,12,8,9,11,4,0,9,3,12,5,Right,Right,300,3
ZigZagFSM,MonteCarloStateSingle-Time300,1,3,-2,1,3.16227766,2.236067977,2,10,3,0,11,9,10,10,10,10,7,13,13,7,9,11,4,1,10,4,13,6,Right,Right,300,3
ZigZagFSM,MonteCarloStateSingle-Time300,2,3,-1,1,3.605551275,1.414213562,4,10,1,-1,13,7,10,10,11,9,7,13,14,6,9,11,4,2,11,5,14,7,Right,Right,300,3
ZigZagFSM,MonteCarloStateSingle-Time300,3,3,0,1,4.242640687,1,6,10,1,1,15,5,10,10,12,8,7,13,15,5,9,11,4,3,12,6,15,8,Right,Down,300,3
ZigZagFSM,MonteCarloStateSingle-Time300,1,12,-2,12,12.04159458,12.16552506,0,17,12,-6,9,11,17,3,8,12,5,15,11,9,5,15,3,-1,8,2,11,1,Right,Left,300,3
ZigZagFSM,MonteCarloStateSingle-Time300,0,10,-1,10,10,10.04987562,0,15,1,-10,9,11,15,5,9,11,5,15,10,10,5,15,1,0,9,1,10,2,Down,Down,300,3
ZigZagFSM,MonteCarloStateSingle-Time300,-1,8,-2,8,8.062257748,8.246211251,-1,14,-8,-4,8,12,14,6,9,11,6,14,10,10,6,14,1,0,9,1,10,3,Left,Down,300,3
ZigZagFSM,MonteCarloStateSingle-Time300,-2,8,-4,7,8.246211251,8.062257748,-3,14,-4,-1,6,14,14,6,8,12,6,14,10,10,7,13,2,-1,8,1,10,4,Left,Down,300,3
ZigZagFSM,MonteCarloStateSingle-Time300,-2,7,-5,5,7.280109889,7.071067812,-4,13,-3,-1,5,15,13,7,7,13,6,14,10,10,8,12,4,-2,7,1,10,5,Left,Down,300,3
ZigZagFSM,MonteCarloStateSingle-Time300,-1,5,-5,2,5.099019514,5.385164807,-4,11,-5,0,5,15,11,9,6,14,6,14,10,10,9,11,5,-3,6,1,10,6,Up,Left,300,3
ZigZagFSM,MonteCarloStateSingle-Time300,-3,6,-6,2,6.708203932,6.32455532,-6,11,-2,0,3,17,11,9,6,14,5,15,9,11,9,11,5,-3,6,0,9,7,Up,Left,300,3
ZigZagFSM,MonteCarloStateSingle-Time300,-4,6,-6,1,7.211102551,6.08276253,-7,10,-1,0,2,18,10,10,6,14,4,16,8,12,9,11,5,-3,6,-1,8,8,Left,Left,300,3
ZigZagFSM,MonteCarloStateSingle-Time300,-4,5,-6,0,6.403124237,6,-8,9,-1,0,1,19,9,11,5,15,4,16,7,13,9,11,5,-4,5,-2,7,9,Left,Left,300,3
ZigZagFSM,MonteCarloStateSingle-Time300,-3,5,-5,0,5.830951895,5,-8,9,-1,0,1,19,9,11,4,16,4,16,6,14,9,11,5,-5,4,-3,6,10,Left,Up,300,3
ZigZagFSM,MonteCarloStateSingle-Time300,0,5,-3,1,5,3.16227766,-6,9,1,0,3,17,9,11,3,17,4,16,6,14,8,12,5,-6,3,-3,6,11,Right,Up,300,3
ZigZagFSM,MonteCarloStateSingle-Time300,1,5,-1,2,5.099019514,2.236067977,-4,9,5,-2,5,15,9,11,4,16,4,16,6,14,7,13,4,-5,4,-3,6,12,Up,Up,300,3
ZigZagFSM,MonteCarloStateSingle-Time300,3,6,1,3,6.708203932,3.16227766,-2,9,2,3,7,13,9,11,4,16,3,17,6,14,6,14,4,-5,4,-3,6,13,Right,Right,300,3
ZigZagFSM,MonteCarloStateSingle-Time300,3,5,1,2,5.830951895,2.236067977,-1,8,1,2,8,12,8,12,5,15,3,17,7,13,6,14,4,-4,5,-2,7,14,Right,Up,300,3
ZigZagFSM,MonteCarloStateSingle-Time300,2,3,1,1,3.605551275,1.414213562,-1,6,1,1,8,12,6,14,6,14,3,17,7,13,5,15,2,-3,6,-2,7,15,Right,Right,300,3
ZigZagFSM,MonteCarloStateSingle-Time300,2,2,1,0,2.828427125,1,0,5,1,0,9,11,5,15,7,13,3,17,8,12,5,15,2,-2,7,-1,8,16,Right,Right,300,3
ZigZagFSM,MonteCarloStateSingle-Time300,1,12,-2,12,12.04159458,12.16552506,0,17,12,-6,9,11,17,3,8,12,5,15,11,9,5,15,3,-1,8,2,11,1,Down,Down,300,3
ZigZagFSM,MonteCarloStateSingle-Time300,0,10,-3,10,10,10.44030651,-1,16,1,-3,8,12,16,4,8,12,6,14,11,9,6,14,3,-1,8,2,11,2,Down,Left,300,3
ZigZagFSM,MonteCarloStateSingle-Time300,-1,8,-3,9,8.062257748,9.486832981,-2,15,-8,-3,7,13,15,5,8,12,7,13,10,10,6,14,2,-1,8,1,10,3,Down,Left,300,3
ZigZagFSM,MonteCarloStateSingle-Time300,-1,5,-2,7,5.099019514,7.280109889,-2,13,-5,-3,7,13,13,7,8,12,8,12,9,11,6,14,2,-1,8,0,9,4,Up,Left,300,3
ZigZagFSM,MonteCarloStateSingle-Time300,-2,5,-2,6,5.385164807,6.32455532,-3,12,-2,-3,6,14,12,8,8,12,7,13,8,12,6,14,1,-1,8,-1,8,5,Down,Left,300,3
ZigZagFSM,MonteCarloStateSingle-Time300,-3,3,-2,5,4.242640687,5.385164807,-4,11,-1,-2,5,15,11,9,8,12,8,12,7,13,6,14,2,-1,8,-2,7,6,Left,Left,300,3
ZigZagFSM,MonteCarloStateSingle-Time300,-4,3,-3,5,5,5.830951895,-6,11,0,-1,3,17,11,9,7,13,8,12,6,14,6,14,2,-2,7,-3,6,7,Left,Left,300,3
ZigZagFSM,MonteCarloStateSingle-Time300,-5,3,-4,5,5.830951895,6.403124237,-8,11,0,-1,1,19,11,9,6,14,8,12,5,15,6,14,2,-3,6,-4,5,8,Left,Left,300,3
ZigZagFSM,MonteCarloStateSingle-Time300,-5,3,-4,5,5.830951895,6.403124237,-9,11,0,-1,0,20,11,9,5,15,8,12,4,16,6,14,2,-4,5,-5,4,9,Left,Left,300,3
ZigZagFSM,MonteCarloStateSingle-Time300,-2,3,-1,5,3.605551275,5.099019514,-7,11,-1,-5,2,18,11,9,4,16,8,12,3,17,6,14,2,-5,4,-6,3,10,Left,Left,300,3
ZigZagFSM,MonteCarloStateSingle-Time300,1,3,2,5,3.16227766,5.385164807,-5,11,3,2,4,16,11,9,3,17,8,12,2,18,6,14,2,-6,3,-7,2,11,Right,Up,300,3
ZigZagFSM,MonteCarloStateSingle-Time300,1,2,3,5,2.236067977,5.830951895,-4,10,2,1,5,15,10,10,4,16,8,12,2,18,5,15,4,-5,4,-7,2,12,Right,Right,300,3
ZigZagFSM,MonteCarloStateSingle-Time300,1,1,3,4,1.414213562,5,-3,9,1,1,6,14,9,11,5,15,8,12,3,17,5,15,4,-4,5,-6,3,13,Right,Right,300,3
ZigZagFSM,MonteCarloStateSingle-Time300,1,0,3,3,1,4.242640687,-2,8,0,1,7,13,8,12,6,14,8,12,4,16,5,15,4,-3,6,-5,4,14,Right,Right,300,3
ZigZagFSM,MonteCarloStateSingle-Time300,0,13,-3,13,13,13.34166406,-1,18,1,-4,8,12,18,2,8,12,5,15,11,9,5,15,3,-1,8,2,11,1,Left,Left,300,3
ZigZagFSM,MonteCarloStateSingle-Time300,1,11,-2,11,11.04536102,11.18033989,-1,16,11,-5,8,12,16,4,7,13,5,15,10,10,5,15,3,-2,7,1,10,2,Right,Down,300,3
ZigZagFSM,MonteCarloStateSingle-Time300,-2,11,-4,10,11.18033989,10.77032961,-3,16,-5,-2,6,14,16,4,8,12,5,15,10,10,6,14,2,-1,8,1,10,3,Left,Down,300,3
ZigZagFSM,MonteCarloStateSingle-Time300,-1,9,-4,7,9.055385138,8.062257748,-3,14,-9,-1,6,14,14,6,7,13,5,15,10,10,7,13,4,-2,7,1,10,4,Down,Left,300,3
ZigZagFSM,MonteCarloStateSingle-Time300,-1,6,-3,5,6.08276253,5.830951895,-3,12,-6,-1,6,14,12,8,7,13,6,14,9,11,7,13,2,-2,7,0,9,5,Down,Down,300,3
ZigZagFSM,MonteCarloStateSingle-Time300,-2,4,-4,3,4.472135955,5,-4,11,-2,0,5,15,11,9,7,13,7,13,9,11,8,12,2,-2,7,0,9,6,Left,Left,300,3
ZigZagFSM,MonteCarloStateSingle-Time300,-1,2,-3,1,2.236067977,3.16227766,-4,9,-2,0,5,15,9,11,6,14,7,13,8,12,8,12,2,-3,6,-1,8,7,Left,Left,300,3
ZigZagFSM,MonteCarloStateSingle-Time300,-2,2,-4,1,2.828427125,4.123105626,-6,9,-1,0,3,17,9,11,5,15,7,13,7,13,8,12,2,-4,5,-2,7,8,Left,Left,300,3
ZigZagFSM,MonteCarloStateSingle-Time300,1,2,-1,1,2.236067977,1.414213562,-4,9,2,-1,5,15,9,11,4,16,7,13,6,14,8,12,2,-5,4,-3,6,9,Right,Right,300,3
ZigZagFSM,MonteCarloStateSingle-Time300,2,2,0,1,2.828427125,1,-2,9,1,1,7,13,9,11,5,15,7,13,7,13,8,12,2,-4,5,-2,7,10,Right,Down,300,3
ZigZagFSM,MonteCarloStateSingle-Time300,1,14,-2,14,14.03566885,14.14213562,0,19,14,-7,9,11,19,1,8,12,5,15,11,9,5,15,3,-1,8,2,11,0,Right,Down,300,3
ZigZagFSM,MonteCarloStateSingle-Time300,0,14,-2,13,14,13.15294644,0,19,1,-6,9,11,19,1,9,11,5,15,11,9,6,14,2,0,9,2,11,1,Down,Down,300,3
ZigZagFSM,MonteCarloStateSingle-Time300,0,11,-2,10,11,10.19803903,0,17,1,-5,9,11,17,3,9,11,6,14,11,9,7,13,2,0,9,2,11,2,Down,Left,300,3
ZigZagFSM,MonteCarloStateSingle-Time300,1,9,0,9,9.055385138,9,1,16,9,1,10,10,16,4,9,11,7,13,10,10,7,13,1,0,9,1,10,3,Down,Down,300,3
ZigZagFSM,MonteCarloStateSingle-Time300,2,7,1,7,7.280109889,7.071067812,2,15,3,7,11,9,15,5,9,11,8,12,10,10,8,12,1,0,9,1,10,4,Right,Right,300,3
ZigZagFSM,MonteCarloStateSingle-Time300,2,6,1,6,6.32455532,6.08276253,3,14,3,6,12,8,14,6,10,10,8,12,11,9,8,12,1,1,10,2,11,5,Right,Right,300,3
ZigZagFSM,MonteCarloStateSingle-Time300,2,5,1,5,5.385164807,5.099019514,4,13,2,5,13,7,13,7,11,9,8,12,12,8,8,12,1,2,11,3,12,6,Right,Right,300,3
ZigZagFSM,MonteCarloStateSingle-Time300,1,3,0,3,3.16227766,3,4,11,3,1,13,7,11,9,12,8,8,12,13,7,8,12,1,3,12,4,13,7,Up,Right,300,3
ZigZagFSM,MonteCarloStateSingle-Time300,2,3,0,2,3.605551275,2,5,10,1,1,14,6,10,10,12,8,7,13,14,6,8,12,2,3,12,5,14,8,Up,Right,300,3
ZigZagFSM,MonteCarloStateSingle-Time300,2,2,-1,0,2.828427125,1,5,8,1,0,14,6,8,12,12,8,6,14,15,5,8,12,4,3,12,6,15,9,Right,Left,300,3
ZigZagFSM,MonteCarloStateSingle-Time300,1,14,-2,14,14.03566885,14.14213562,0,19,14,-7,9,11,19,1,8,12,5,15,11,9,5,15,3,-1,8,2,11,1,Right,Left,300,3
ZigZagFSM,MonteCarloStateSingle-Time300,-1,13,-2,13,13.03840481,13.15294644,-1,18,-13,-6,8,12,18,2,9,11,5,15,10,10,5,15,1,0,9,1,10,2,Down,Left,300,3
ZigZagFSM,MonteCarloStateSingle-Time300,-2,11,-2,12,11.18033989,12.16552506,-2,17,-5,-6,7,13,17,3,9,11,6,14,9,11,5,15,1,0,9,0,9,3,Left,Down,300,3
ZigZagFSM,MonteCarloStateSingle-Time300,-2,10,-3,10,10.19803903,10.44030651,-3,16,-5,-3,6,14,16,4,8,12,6,14,9,11,6,14,1,-1,8,0,9,4,Left,Left,300,3
ZigZagFSM,MonteCarloStateSingle-Time300,-2,9,-3,9,9.219544457,9.486832981,-4,15,-4,-3,5,15,15,5,7,13,6,14,8,12,6,14,1,-2,7,-1,8,5,Left,Down,300,3
ZigZagFSM,MonteCarloStateSingle-Time300,-3,9,-5,8,9.486832981,9.433981132,-6,15,-3,-1,3,17,15,5,6,14,6,14,8,12,7,13,2,-3,6,-1,8,6,Down,Left,300,3
ZigZagFSM,MonteCarloStateSingle-Time300,-4,7,-5,7,8.062257748,8.602325267,-7,14,-1,-1,2,18,14,6,6,14,7,13,7,13,7,13,1,-3,6,-2,7,7,Left,Left,300,3
ZigZagFSM,MonteCarloStateSingle-Time300,-3,5,-4,5,5.830951895,6.403124237,-7,12,-1,-1,2,18,12,8,5,15,7,13,6,14,7,13,1,-4,5,-3,6,8,Left,Left,300,3
ZigZagFSM,MonteCarloStateSingle-Time300,-2,3,-3,3,3.605551275,4.242640687,-7,10,-1,-1,2,18,10,10,4,16,7,13,5,15,7,13,1,-5,4,-4,5,9,Left,Left,300,3
ZigZagFSM,MonteCarloStateSingle-Time300,-3,3,-4,3,4.242640687,5,-9,10,-1,0,0,20,10,10,3,17,7,13,4,16,7,13,1,-6,3,-5,4,10,Left,Up,300,3
ZigZagFSM,MonteCarloStateSingle-Time300,-2,3,-4,4,3.605551275,5.656854249,-9,10,-1,-1,0,20,10,10,2,18,7,13,4,16,6,14,2,-7,2,-5,4,11,Up,Up,300,3
ZigZagFSM,MonteCarloStateSingle-Time300,-1,3,-3,4,3.16227766,5,-8,9,-3,-1,1,19,9,11,2,18,6,14,4,16,5,15,2,-7,2,-5,4,12,Left,Left,300,3
ZigZagFSM,MonteCarloStateSingle-Time300,1,2,-1,3,2.236067977,3.16227766,-7,8,2,-3,2,18,8,12,1,19,6,14,3,17,5,15,2,-8,1,-6,3,13,Right,Right,300,3
ZigZagFSM,MonteCarloStateSingle-Time300,2,2,0,3,2.828427125,3,-5,8,1,1,4,16,8,12,2,18,6,14,4,16,5,15,2,-7,2,-5,4,14,Right,Right,300,3
ZigZagFSM,MonteCarloStateSingle-Time300,3,2,1,3,3.605551275,3.16227766,-3,8,0,3,6,14,8,12,3,17,6,14,5,15,5,15,2,-6,3,-4,5,15,Right,Right,300,3
ZigZagFSM,MonteCarloStateSingle-Time300,3,1,1,2,3.16227766,2.236067977,-2,7,0,2,7,13,7,13,4,16,6,14,6,14,5,15,2,-5,4,-3,6,16,Right,Right,300,3
ZigZagFSM,MonteCarloStateSingle-Time300,5,6,6,2,7.810249676,6.32455532,8,12,1,0,17,3,12,8,12,8,6,14,11,9,10,10,4,3,12,2,11,7,Down,Down,300,3
ZigZagFSM,MonteCarloStateSingle-Time300,5,3,6,-1,5.830951895,6.08276253,8,10,0,0,17,3,10,10,12,8,7,13,11,9,11,9,4,3,12,2,11,8,Right,Right,300,3
ZigZagFSM,MonteCarloStateSingle-Time300,5,2,6,-2,5.385164807,6.32455532,9,9,0,0,18,2,9,11,13,7,7,13,12,8,11,9,4,4,13,3,12,9,Right,Right,300,3
ZigZagFSM,MonteCarloStateSingle-Time300,3,1,4,-3,3.16227766,5,8,8,0,0,17,3,8,12,14,6,7,13,13,7,11,9,4,5,14,4,13,10,Right,Right,300,3
ZigZagFSM,MonteCarloStateSingle-Time300,1,0,2,-4,1,4.472135955,7,7,0,-2,16,4,7,13,15,5,7,13,14,6,11,9,4,6,15,5,14,11,Right,Right,300,3
ZigZagFSM,MonteCarloStateSingle-Time300,1,14,-2,14,14.03566885,14.14213562,0,19,14,-7,9,11,19,1,8,12,5,15,11,9,5,15,3,-1,8,2,11,1,Right,Left,300,3
ZigZagFSM,MonteCarloStateSingle-Time300,1,13,0,13,13.03840481,13,1,18,13,1,10,10,18,2,9,11,5,15,10,10,5,15,1,0,9,1,10,2,Down,Left,300,3
ZigZagFSM,MonteCarloStateSingle-Time300,3,12,3,13,12.36931688,13.34166406,3,18,4,4,12,8,18,2,9,11,6,14,9,11,5,15,1,0,9,0,9,3,Right,Right,300,3
ZigZagFSM,MonteCarloStateSingle-Time300,3,11,3,12,11.40175425,12.36931688,4,17,3,4,13,7,17,3,10,10,6,14,10,10,5,15,1,1,10,1,10,4,Down,Down,300,3
ZigZagFSM,MonteCarloStateSingle-Time300,5,10,5,11,11.18033989,12.08304597,6,17,2,2,15,5,17,3,10,10,7,13,10,10,6,14,1,1,10,1,10,5,Right,Right,300,3
ZigZagFSM,MonteCarloStateSingle-Time300,5,9,5,10,10.29563014,11.18033989,7,16,1,2,16,4,16,4,11,9,7,13,11,9,6,14,1,2,11,2,11,6,Right,Right,300,3
ZigZagFSM,MonteCarloStateSingle-Time300,5,8,5,9,9.433981132,10.29563014,8,15,1,1,17,3,15,5,12,8,7,13,12,8,6,14,1,3,12,3,12,7,Right,Right,300,3
ZigZagFSM,MonteCarloStateSingle-Time300,4,6,4,7,7.211102551,8.062257748,8,13,1,1,17,3,13,7,13,7,7,13,13,7,6,14,1,4,13,4,13,8,Right,Right,300,3
ZigZagFSM,MonteCarloStateSingle-Time300,4,5,4,6,6.403124237,7.211102551,9,12,1,1,18,2,12,8,14,6,7,13,14,6,6,14,1,5,14,5,14,9,Right,Down,300,3
ZigZagFSM,MonteCarloStateSingle-Time300,3,3,4,3,4.242640687,5,9,10,1,0,18,2,10,10,15,5,7,13,14,6,7,13,1,6,15,5,14,10,Right,Right,300,3
ZigZagFSM,MonteCarloStateSingle-Time300,3,2,4,2,3.605551275,4.472135955,10,9,0,0,19,1,9,11,16,4,7,13,15,5,7,13,1,7,16,6,15,11,Right,Up,300,3
ZigZagFSM,MonteCarloStateSingle-Time300,1,1,3,2,1.414213562,3.605551275,9,8,1,0,18,2,8,12,17,3,7,13,15,5,6,14,2,8,17,6,15,12,Right,Right,300,3
ZigZagFSM,MonteCarloStateSingle-Time300,-1,0,1,1,1,1.414213562,8,7,0,1,17,3,7,13,18,2,7,13,16,4,6,14,2,9,18,7,16,13,Left,Left,300,3
ZigZagFSM,MonteCarloStateSingle-Time300,1,13,-2,13,13.03840481,13.15294644,0,18,13,-6,9,11,18,2,8,12,5,15,11,9,5,15,3,-1,8,2,11,0,Right,Down,300,3
ZigZagFSM,MonteCarloStateSingle-Time300,0,13,-2,12,13,12.16552506,0,18,1,-6,9,11,18,2,9,11,5,15,11,9,6,14,2,0,9,2,11,1,Down,Down,300,3
ZigZagFSM,MonteCarloStateSingle-Time300,1,11,-1,10,11.04536102,10.04987562,1,17,11,-10,10,10,17,3,9,11,6,14,11,9,7,13,2,0,9,2,11,2,Down,Left,300,3
ZigZagFSM,MonteCarloStateSingle-Time300,1,8,0,8,8.062257748,8,1,15,8,1,10,10,15,5,9,11,7,13,10,10,7,13,1,0,9,1,10,3,Down,Down,300,3
ZigZagFSM,MonteCarloStateSingle-Time300,2,6,1,6,6.32455532,6.08276253,2,14,3,6,11,9,14,6,9,11,8,12,10,10,8,12,1,0,9,1,10,4,Up,Right,300,3
ZigZagFSM,MonteCarloStateSingle-Time300,3,6,1,5,6.708203932,5.099019514,3,13,2,5,12,8,13,7,9,11,7,13,11,9,8,12,2,0,9,2,11,5,Right,Right,300,3
ZigZagFSM,MonteCarloStateSingle-Time300,3,5,1,4,5.830951895,4.123105626,4,12,1,4,13,7,12,8,10,10,7,13,12,8,8,12,2,1,10,3,12,6,Down,Right,300,3
ZigZagFSM,MonteCarloStateSingle-Time300,4,3,1,3,5,3.16227766,5,11,0,3,14,6,11,9,10,10,8,12,13,7,8,12,3,1,10,4,13,7,Right,Right,300,3
ZigZagFSM,MonteCarloStateSingle-Time300,3,1,0,1,3.16227766,1,5,9,0,1,14,6,9,11,11,9,8,12,14,6,8,12,3,2,11,5,14,8,Right,Down,300,3
ZigZagFSM,MonteCarloStateSingle-Time300,1,12,-2,12,12.04159458,12.16552506,0,17,12,-6,9,11,17,3,8,12,5,15,11,9,5,15,3,-1,8,2,11,1,Down,Down,300,3
ZigZagFSM,MonteCarloStateSingle-Time300,-1,11,-4,11,11.04536102,11.70469991,-2,17,-11,-2,7,13,17,3,8,12,6,14,11,9,6,14,3,-1,8,2,11,2,Left,Down,300,3
ZigZagFSM,MonteCarloStateSingle-Time300,-1,10,-5,9,10.04987562,10.29563014,-3,16,-10,-1,6,14,16,4,7,13,6,14,11,9,7,13,4,-2,7,2,11,3,Left,Down,300,3
ZigZagFSM,MonteCarloStateSingle-Time300,0,8,-5,6,8,7.810249676,-3,14,1,-1,6,14,14,6,6,14,6,14,11,9,8,12,5,-3,6,2,11,4,Left,Left,300,3
ZigZagFSM,MonteCarloStateSingle-Time300,-1,8,-6,6,8.062257748,8.485281374,-5,14,-8,-1,4,16,14,6,5,15,6,14,10,10,8,12,5,-4,5,1,10,5,Down,Left,300,3
ZigZagFSM,MonteCarloStateSingle-Time300,-1,5,-5,4,5.099019514,6.403124237,-5,12,-5,0,4,16,12,8,5,15,7,13,9,11,8,12,4,-4,5,0,9,6,Up,Left,300,3
ZigZagFSM,MonteCarloStateSingle-Time300,-2,5,-5,3,5.385164807,5.830951895,-6,11,-2,0,3,17,11,9,5,15,6,14,8,12,8,12,4,-4,5,-1,8,7,Up,Down,300,3
ZigZagFSM,MonteCarloStateSingle-Time300,-3,5,-6,1,5.830951895,6.08276253,-7,10,-1,0,2,18,10,10,5,15,5,15,8,12,9,11,5,-4,5,-1,8,8,Left,Left,300,3
ZigZagFSM,MonteCarloStateSingle-Time300,-4,5,-7,1,6.403124237,7.071067812,-9,10,-1,0,0,20,10,10,4,16,5,15,7,13,9,11,5,-5,4,-2,7,9,Up,Left,300,3
ZigZagFSM,MonteCarloStateSingle-Time300,-3,6,-5,1,6.708203932,5.099019514,-8,10,-2,0,1,19,10,10,4,16,4,16,6,14,9,11,5,-5,4,-3,6,10,Up,Left,300,3
ZigZagFSM,MonteCarloStateSingle-Time300,-1,7,-2,1,7.071067812,2.236067977,-6,10,-7,0,3,17,10,10,4,16,3,17,5,15,9,11,6,-5,4,-4,5,11,Left,Left,300,3
ZigZagFSM,MonteCarloStateSingle-Time300,2,7,1,1,7.280109889,1.414213562,-4,10,3,1,5,15,10,10,3,17,3,17,4,16,9,11,6,-6,3,-5,4,12,Down,Right,300,3
ZigZagFSM,MonteCarloStateSingle-Time300,3,5,1,0,5.830951895,1,-3,9,1,0,6,14,9,11,3,17,4,16,5,15,9,11,5,-6,3,-4,5,13,Up,Right,300,3
ZigZagFSM,MonteCarloStateSingle-Time300,0,13,-3,13,13,13.34166406,-1,18,1,-4,8,12,18,2,8,12,5,15,11,9,5,15,3,-1,8,2,11,1,Down,Down,300,3
ZigZagFSM,MonteCarloStateSingle-Time300,2,12,-1,12,12.16552506,12.04159458,1,18,6,-12,10,10,18,2,8,12,6,14,11,9,6,14,3,-1,8,2,11,2,Down,Left,300,3
ZigZagFSM,MonteCarloStateSingle-Time300,4,11,2,12,11.70469991,12.16552506,3,18,2,6,12,8,18,2,8,12,7,13,10,10,6,14,2,-1,8,1,10,3,Down,Right,300,3
ZigZagFSM,MonteCarloStateSingle-Time300,5,9,2,11,10.29563014,11.18033989,4,17,1,5,13,7,17,3,8,12,8,12,11,9,6,14,4,-1,8,2,11,4,Right,Down,300,3
ZigZagFSM,MonteCarloStateSingle-Time300,5,8,3,9,9.433981132,9.486832981,5,16,1,3,14,6,16,4,9,11,8,12,11,9,7,13,2,0,9,2,11,5,Right,Down,300,3
ZigZagFSM,MonteCarloStateSingle-Time300,5,7,4,7,8.602325267,8.062257748,6,15,1,1,15,5,15,5,10,10,8,12,11,9,8,12,1,1,10,2,11,6,Right,Down,300,3
ZigZagFSM,MonteCarloStateSingle-Time300,5,6,5,5,7.810249676,7.071067812,7,14,1,1,16,4,14,6,11,9,8,12,11,9,9,11,1,2,11,2,11,7,Down,Right,300,3
ZigZagFSM,MonteCarloStateSingle-Time300,6,4,5,4,7.211102551,6.403124237,8,13,0,0,17,3,13,7,11,9,9,11,12,8,9,11,1,2,11,3,12,8,Up,Right,300,3
ZigZagFSM,MonteCarloStateSingle-Time300,7,4,5,3,8.062257748,5.830951895,9,12,0,0,18,2,12,8,11,9,8,12,13,7,9,11,2,2,11,4,13,9,Down,Right,300,3
ZigZagFSM,MonteCarloStateSingle-Time300,7,1,4,1,7.071067812,4.123105626,9,10,0,0,18,2,10,10,11,9,9,11,14,6,9,11,3,2,11,5,14,10,Right,Right,300,3
ZigZagFSM,MonteCarloStateSingle-Time300,7,0,4,0,7,4,10,9,0,0,19,1,9,11,12,8,9,11,15,5,9,11,3,3,12,6,15,11,Right,Right,300,3
ZigZagFSM,MonteCarloStateSingle-Time300,4,0,1,0,4,1,8,9,0,0,17,3,9,11,13,7,9,11,16,4,9,11,3,4,13,7,16,12,Right,Right,300,3
ZigZagFSM,MonteCarloStateSingle-Time300,0,13,-3,13,13,13.34166406,-1,18,1,-4,8,12,18,2,8,12,5,15,11,9,5,15,3,-1,8,2,11,1,Down,Left,300,3
ZigZagFSM,MonteCarloStateSingle-Time300,0,10,-2,11,10,11.18033989,-1,16,1,-5,8,12,16,4,8,12,6,14,10,10,5,15,2,-1,8,1,10,2,Down,Left,300,3
ZigZagFSM,MonteCarloStateSingle-Time300,0,7,-1,9,7,9.055385138,-1,14,1,-9,8,12,14,6,8,12,7,13,9,11,5,15,2,-1,8,0,9,3,Down,Left,300,3
ZigZagFSM,MonteCarloStateSingle-Time300,1,5,1,8,5.099019514,8.062257748,0,13,5,8,9,11,13,7,8,12,8,12,8,12,5,15,3,-1,8,-1,8,4,Right,Right,300,3
ZigZagFSM,MonteCarloStateSingle-Time300,1,4,1,7,4.123105626,7.071067812,1,12,4,7,10,10,12,8,9,11,8,12,9,11,5,15,3,0,9,0,9,5,Right,Up,300,3
ZigZagFSM,MonteCarloStateSingle-Time300,1,3,2,7,3.16227766,7.280109889,2,11,3,3,11,9,11,9,10,10,8,12,9,11,4,16,4,1,10,0,9,6,Right,Right,300,3
ZigZagFSM,MonteCarloStateSingle-Time300,1,2,2,6,2.236067977,6.32455532,3,10,2,3,12,8,10,10,11,9,8,12,10,10,4,16,4,2,11,1,10,7,Right,Right,300,3
ZigZagFSM,MonteCarloStateSingle-Time300,1,1,2,5,1.414213562,5.385164807,4,9,1,2,13,7,9,11,12,8,8,12,11,9,4,16,4,3,12,2,11,8,Right,Right,300,3
ZigZagFSM,MonteCarloStateSingle-Time300,1,0,2,4,1,4.472135955,5,8,0,2,14,6,8,12,13,7,8,12,12,8,4,16,4,4,13,3,12,9,Right,Right,300,3
ZigZagFSM,MonteCarloStateSingle-Time300,1,14,-2,14,14.03566885,14.14213562,0,19,14,-7,9,11,19,1,8,12,5,15,11,9,5,15,3,-1,8,2,11,0,Right,Down,300,3
ZigZagFSM,MonteCarloStateSingle-Time300,1,13,-1,12,13.03840481,12.04159458,1,18,13,-12,10,10,18,2,9,11,5,15,11,9,6,14,2,0,9,2,11,1,Right,Left,300,3
ZigZagFSM,MonteCarloStateSingle-Time300,2,13,2,12,13.15294644,12.16552506,3,18,6,6,12,8,18,2,10,10,5,15,10,10,6,14,1,1,10,1,10,2,Down,Right,300,3
ZigZagFSM,MonteCarloStateSingle-Time300,4,12,3,12,12.64911064,12.36931688,5,18,3,4,14,6,18,2,10,10,6,14,11,9,6,14,1,1,10,2,11,3,Right,Right,300,3
ZigZagFSM,MonteCarloStateSingle-Time300,5,12,4,12,13,12.64911064,7,18,2,3,16,4,18,2,11,9,6,14,12,8,6,14,1,2,11,3,12,4,Right,Right,300,3
ZigZagFSM,MonteCarloStateSingle-Time300,5,11,4,11,12.08304597,11.70469991,8,17,2,2,17,3,17,3,12,8,6,14,13,7,6,14,1,3,12,4,13,5,Right,Down,300,3
ZigZagFSM,MonteCarloStateSingle-Time300,6,11,6,10,12.52996409,11.66190379,10,17,1,1,19,1,17,3,13,7,6,14,13,7,7,13,1,4,13,4,13,6,Right,Right,300,3
ZigZagFSM,MonteCarloStateSingle-Time300,5,9,5,8,10.29563014,9.433981132,10,15,1,1,19,1,15,5,14,6,6,14,14,6,7,13,1,5,14,5,14,7,Down,Right,300,3
ZigZagFSM,MonteCarloStateSingle-Time300,5,6,4,6,7.810249676,7.211102551,10,13,1,1,19,1,13,7,14,6,7,13,15,5,7,13,1,5,14,6,15,8,Down,Right,300,3
ZigZagFSM,MonteCarloStateSingle-Time300,4,4,2,5,5.656854249,5.385164807,9,12,1,2,18,2,12,8,14,6,8,12,16,4,7,13,2,5,14,7,16,9,Right,Right,300,3
ZigZagFSM,MonteCarloStateSingle-Time300,1,4,-1,5,4.123105626,5.099019514,7,12,4,-5,16,4,12,8,15,5,8,12,17,3,7,13,2,6,15,8,17,10,Right,Left,300,3
ZigZagFSM,MonteCarloStateSingle-Time300,-1,3,-1,4,3.16227766,4.123105626,6,11,-3,-4,15,5,11,9,16,4,8,12,16,4,7,13,1,7,16,7,16,11,Left,Up,300,3
ZigZagFSM,MonteCarloStateSingle-Time300,-1,2,-2,4,2.236067977,4.472135955,5,10,-2,-2,14,6,10,10,15,5,8,12,16,4,6,14,2,6,15,7,16,12,Left,Left,300,3
ZigZagFSM,MonteCarloStateSingle-Time300,-1,1,-2,3,1.414213562,3.605551275,4,9,-1,-1,13,7,9,11,14,6,8,12,15,5,6,14,2,5,14,6,15,13,Left,Left,300,3
ZigZagFSM,MonteCarloStateSingle-Time300,-1,0,-2,2,1,2.828427125,3,8,0,-1,12,8,8,12,13,7,8,12,14,6,6,14,2,4,13,5,14,14,Left,Left,300,3
ZigZagFSM,MonteCarloStateSingle-Time300,1,14,-2,14,14.03566885,14.14213562,0,19,14,-7,9,11,19,1,8,12,5,15,11,9,5,15,3,-1,8,2,11,0,Down,Down,300,3
ZigZagFSM,MonteCarloStateSingle-Time300,0,12,-3,12,12,12.36931688,-1,18,1,-4,8,12,18,2,8,12,6,14,11,9,6,14,3,-1,8,2,11,1,Down,Left,300,3
ZigZagFSM,MonteCarloStateSingle-Time300,1,10,-1,11,10.04987562,11.04536102,0,17,10,-11,9,11,17,3,8,12,7,13,10,10,6,14,2,-1,8,1,10,2,Down,Down,300,3
ZigZagFSM,MonteCarloStateSingle-Time300,2,8,0,9,8.246211251,9,1,16,4,1,10,10,16,4,8,12,8,12,10,10,7,13,2,-1,8,1,10,3,Right,Down,300,3
ZigZagFSM,MonteCarloStateSingle-Time300,3,8,2,8,8.544003745,8.246211251,3,16,2,4,12,8,16,4,9,11,8,12,10,10,8,12,1,0,9,1,10,4,Down,Right,300,3
ZigZagFSM,MonteCarloStateSingle-Time300,3,5,1,6,5.830951895,6.08276253,3,14,1,6,12,8,14,6,9,11,9,11,11,9,8,12,2,0,9,2,11,5,Right,Down,300,3
ZigZagFSM,MonteCarloStateSingle-Time300,3,4,2,4,5,4.472135955,4,13,1,2,13,7,13,7,10,10,9,11,11,9,9,11,1,1,10,2,11,6,Right,Right,300,3
ZigZagFSM,MonteCarloStateSingle-Time300,2,2,1,2,2.828427125,2.236067977,4,11,1,2,13,7,11,9,11,9,9,11,12,8,9,11,1,2,11,3,12,7,Right,Right,300,3
ZigZagFSM,MonteCarloStateSingle-Time300,2,1,1,1,2.236067977,1.414213562,5,10,0,1,14,6,10,10,12,8,9,11,13,7,9,11,1,3,12,4,13,8,Right,Right,300,3
ZigZagFSM,MonteCarloStateSingle-Time300,2,0,1,0,2,1,6,9,0,0,15,5,9,11,13,7,9,11,14,6,9,11,1,4,13,5,14,9,Right,Right,300,3
ZigZagFSM,MonteCarloStateSingle-Time300,1,12,-2,12,12.04159458,12.16552506,0,17,12,-6,9,11,17,3,8,12,5,15,11,9,5,15,3,-1,8,2,11,1,Down,Left,300,3
ZigZagFSM,MonteCarloStateSingle-Time300,-1,11,-3,12,11.04536102,12.36931688,-2,17,-11,-4,7,13,17,3,8,12,6,14,10,10,5,15,2,-1,8,1,10,2,Left,Left,300,3
ZigZagFSM,MonteCarloStateSingle-Time300,0,9,-2,10,9,10.19803903,-2,15,1,-5,7,13,15,5,7,13,6,14,9,11,5,15,2,-2,7,0,9,3,Left,Left,300,3
ZigZagFSM,MonteCarloStateSingle-Time300,0,8,-2,9,8,9.219544457,-3,14,1,-4,6,14,14,6,6,14,6,14,8,12,5,15,2,-3,6,-1,8,4,Left,Down,300,3
ZigZagFSM,MonteCarloStateSingle-Time300,0,7,-3,7,7,7.615773106,-4,13,1,-2,5,15,13,7,5,15,6,14,8,12,6,14,3,-4,5,-1,8,5,Down,Left,300,3
ZigZagFSM,MonteCarloStateSingle-Time300,-1,5,-3,6,5.099019514,6.708203932,-5,12,-5,-2,4,16,12,8,5,15,7,13,7,13,6,14,2,-4,5,-2,7,6,Left,Up,300,3
ZigZagFSM,MonteCarloStateSingle-Time300,-1,4,-4,6,4.123105626,7.211102551,-6,11,-4,-1,3,17,11,9,4,16,7,13,7,13,5,15,4,-5,4,-2,7,7,Left,Left,300,3
ZigZagFSM,MonteCarloStateSingle-Time300,-2,4,-5,6,4.472135955,7.810249676,-8,11,-2,-1,1,19,11,9,3,17,7,13,6,14,5,15,4,-6,3,-3,6,8,Up,Left,300,3
ZigZagFSM,MonteCarloStateSingle-Time300,-3,4,-5,5,5,7.071067812,-9,10,-1,-1,0,20,10,10,3,17,6,14,5,15,5,15,2,-6,3,-4,5,9,Left,Left,300,3
ZigZagFSM,MonteCarloStateSingle-Time300,-1,3,-3,4,3.16227766,5,-8,9,-3,-1,1,19,9,11,2,18,6,14,4,16,5,15,2,-7,2,-5,4,10,Left,Left,300,3
ZigZagFSM,MonteCarloStateSingle-Time300,1,2,-1,3,2.236067977,3.16227766,-7,8,2,-3,2,18,8,12,1,19,6,14,3,17,5,15,2,-8,1,-6,3,11,Right,Right,300,3
ZigZagFSM,MonteCarloStateSingle-Time300,2,2,0,3,2.828427125,3,-5,8,1,1,4,16,8,12,2,18,6,14,4,16,5,15,2,-7,2,-5,4,12,Right,Right,300,3
ZigZagFSM,MonteCarloStateSingle-Time300,3,2,1,3,3.605551275,3.16227766,-3,8,0,3,6,14,8,12,3,17,6,14,5,15,5,15,2,-6,3,-4,5,13,Right,Right,300,3
ZigZagFSM,MonteCarloStateSingle-Time300,3,1,1,2,3.16227766,2.236067977,-2,7,0,2,7,13,7,13,4,16,6,14,6,14,5,15,2,-5,4,-3,6,14,Right,Right,300,3
ZigZagFSM,MonteCarloStateSingle-Time300,3,0,1,1,3,1.414213562,-1,6,0,1,8,12,6,14,5,15,6,14,7,13,5,15,2,-4,5,-2,7,15,Right,Right,300,3
ZigZagFSM,MonteCarloStateSingle-Time300,3,-1,1,0,3.16227766,1,0,5,0,0,9,11,5,15,6,14,6,14,8,12,5,15,2,-3,6,-1,8,16,Right,Right,300,3
ZigZagFSM,MonteCarloStateSingle-Time300,1,14,-2,14,14.03566885,14.14213562,0,19,14,-7,9,11,19,1,8,12,5,15,11,9,5,15,3,-1,8,2,11,0,Right,Down,300,3
ZigZagFSM,MonteCarloStateSingle-Time300,-1,13,-3,12,13.03840481,12.36931688,-1,18,-13,-4,8,12,18,2,9,11,5,15,11,9,6,14,2,0,9,2,11,1,Down,Left,300,3
ZigZagFSM,MonteCarloStateSingle-Time300,-2,11,-3,11,11.18033989,11.40175425,-2,17,-5,-3,7,13,17,3,9,11,6,14,10,10,6,14,1,0,9,1,10,2,Down,Down,300,3
ZigZagFSM,MonteCarloStateSingle-Time300,-3,9,-4,9,9.486832981,9.848857802,-3,16,-3,-2,6,14,16,4,9,11,7,13,10,10,7,13,1,0,9,1,10,3,Down,Left,300,3
ZigZagFSM,MonteCarloStateSingle-Time300,-5,8,-5,9,9.433981132,10.29563014,-5,16,-1,-1,4,16,16,4,9,11,8,12,9,11,7,13,1,0,9,0,9,4,Down,Left,300,3
ZigZagFSM,MonteCarloStateSingle-Time300,-6,6,-5,8,8.485281374,9.433981132,-6,15,-1,-1,3,17,15,5,9,11,9,11,8,12,7,13,2,0,9,-1,8,5,Up,Left,300,3
ZigZagFSM,MonteCarloStateSingle-Time300,-6,5,-4,6,7.810249676,7.211102551,-6,13,0,-1,3,17,13,7,9,11,8,12,7,13,7,13,2,0,9,-2,7,6,Down,Left,300,3
ZigZagFSM,MonteCarloStateSingle-Time300,-7,3,-4,5,7.615773106,6.403124237,-7,12,0,-1,2,18,12,8,9,11,9,11,6,14,7,13,4,0,9,-3,6,7,Left,Up,300,3
ZigZagFSM,MonteCarloStateSingle-Time300,-7,2,-5,5,7.280109889,7.071067812,-8,11,0,-1,1,19,11,9,8,12,9,11,6,14,6,14,4,-1,8,-3,6,8,Left,Left,300,3
ZigZagFSM,MonteCarloStateSingle-Time300,-7,1,-5,4,7.071067812,6.403124237,-9,10,0,0,0,20,10,10,7,13,9,11,5,15,6,14,4,-2,7,-4,5,9,Left,Left,300,3
ZigZagFSM,MonteCarloStateSingle-Time300,-4,1,-2,4,4.123105626,4.472135955,-7,10,0,-2,2,18,10,10,6,14,9,11,4,16,6,14,4,-3,6,-5,4,10,Left,Left,300,3
ZigZagFSM,MonteCarloStateSingle-Time300,-1,1,1,4,1.414213562,4.123105626,-5,10,-1,4,4,16,10,10,5,15,9,11,3,17,6,14,4,-4,5,-6,3,11,Left,Left,300,3
ZigZagFSM,MonteCarloStateSingle-Time300,1,0,3,3,1,4.242640687,-4,9,0,1,5,15,9,11,4,16,9,11,2,18,6,14,4,-5,4,-7,2,12,Right,Right,300,3
ZigZagFSM,MonteCarloStateSingle-Time300,1,12,-2,12,12.04159458,12.16552506,0,17,12,-6,9,11,17,3,8,12,5,15,11,9,5,15,3,-1,8,2,11,1,Right,Down,300,3
ZigZagFSM,MonteCarloStateSingle-Time300,0,10,-2,9,10,9.219544457,0,15,1,-4,9,11,15,5,9,11,5,15,11,9,6,14,2,0,9,2,11,2,Down,Left,300,3
ZigZagFSM,MonteCarloStateSingle-Time300,1,8,0,8,8.062257748,8,1,14,8,1,10,10,14,6,9,11,6,14,10,10,6,14,1,0,9,1,10,3,Down,Down,300,3
ZigZagFSM,MonteCarloStateSingle-Time300,1,5,0,5,5.099019514,5,1,12,5,1,10,10,12,8,9,11,7,13,10,10,7,13,1,0,9,1,10,4,Right,Down,300,3
ZigZagFSM,MonteCarloStateSingle-Time300,0,3,0,2,3,2,1,10,1,1,10,10,10,10,10,10,7,13,10,10,8,12,1,1,10,1,10,5,Up,Up,300,3
ZigZagFSM,MonteCarloStateSingle-Time300,1,3,1,2,3.16227766,2.236067977,2,9,3,2,11,9,9,11,10,10,6,14,10,10,7,13,1,1,10,1,10,6,Right,Up,300,3
ZigZagFSM,MonteCarloStateSingle-Time300,0,1,1,1,1,1.414213562,2,7,1,1,11,9,7,13,11,9,6,14,10,10,6,14,1,2,11,1,10,7,Down,Left,300,3
ZigZagFSM,MonteCarloStateSingle-Time300,2,6,6,3,6.32455532,6.708203932,0,13,3,0,9,11,13,7,7,13,7,13,3,17,10,10,5,-2,7,-6,3,13,Right,Up,300,3
ZigZagFSM,MonteCarloStateSingle-Time300,1,4,6,2,4.123105626,6.32455532,0,11,4,0,9,11,11,9,8,12,7,13,3,17,9,11,5,-1,8,-6,3,14,Right,Right,300,3
ZigZagFSM,MonteCarloStateSingle-Time300,0,2,5,0,2,5,0,9,1,0,9,11,9,11,9,11,7,13,4,16,9,11,5,0,9,-5,4,15,Up,Left,300,3
ZigZagFSM,MonteCarloStateSingle-Time300,0,1,6,-2,1,6.32455532,0,7,1,0,9,11,7,13,9,11,6,14,3,17,9,11,7,0,9,-6,3,16,Down,Right,300,3
ZigZagFSM,MonteCarloStateSingle-Time300,3,14,0,14,14.31782106,14,2,19,4,1,11,9,19,1,8,12,5,15,11,9,5,15,3,-1,8,2,11,1,Down,Left,300,3
ZigZagFSM,MonteCarloStateSingle-Time300,3,11,1,12,11.40175425,12.04159458,2,17,3,12,11,9,17,3,8,12,6,14,10,10,5,15,2,-1,8,1,10,2,Down,Right,300,3
ZigZagFSM,MonteCarloStateSingle-Time300,5,10,2,12,11.18033989,12.16552506,4,17,2,6,13,7,17,3,8,12,7,13,11,9,5,15,4,-1,8,2,11,3,Right,Down,300,3
ZigZagFSM,MonteCarloStateSingle-Time300,5,9,3,10,10.29563014,10.44030651,5,16,1,3,14,6,16,4,9,11,7,13,11,9,6,14,2,0,9,2,11,4,Down,Right,300,3
ZigZagFSM,MonteCarloStateSingle-Time300,5,6,2,8,7.810249676,8.246211251,5,14,1,4,14,6,14,6,9,11,8,12,12,8,6,14,4,0,9,3,12,5,Up,Right,300,3
ZigZagFSM,MonteCarloStateSingle-Time300,5,5,1,6,7.071067812,6.08276253,5,12,1,6,14,6,12,8,9,11,7,13,13,7,6,14,4,0,9,4,13,6,Right,Right,300,3
ZigZagFSM,MonteCarloStateSingle-Time300,4,3,0,4,5,4,5,10,0,1,14,6,10,10,10,10,7,13,14,6,6,14,4,1,10,5,14,7,Right,Right,300,3
ZigZagFSM,MonteCarloStateSingle-Time300,4,2,0,3,4.472135955,3,6,9,0,1,15,5,9,11,11,9,7,13,15,5,6,14,4,2,11,6,15,8,Right,Right,300,3
ZigZagFSM,MonteCarloStateSingle-Time300,3,2,-1,3,3.605551275,3.16227766,6,9,0,-3,15,5,9,11,12,8,7,13,16,4,6,14,4,3,12,7,16,9,Right,Right,300,3
ZigZagFSM,MonteCarloStateSingle-Time300,1,1,-3,2,1.414213562,3.605551275,5,8,1,0,14,6,8,12,13,7,7,13,17,3,6,14,4,4,13,8,17,10,Right,Right,300,3
ZigZagFSM,MonteCarloStateSingle-Time300,-1,0,-5,1,1,5.099019514,4,7,0,0,13,7,7,13,14,6,7,13,18,2,6,14,4,5,14,9,18,11,Left,Left,300,3
ZigZagFSM,MonteCarloStateSingle-Time300,1,12,-2,12,12.04159458,12.16552506,0,17,12,-6,9,11,17,3,8,12,5,15,11,9,5,15,3,-1,8,2,11,1,Down,Down,300,3
ZigZagFSM,MonteCarloStateSingle-Time300,1,14,-2,14,14.03566885,14.14213562,0,19,14,-7,9,11,19,1,8,12,5,15,11,9,5,15,3,-1,8,2,11,0,Right,Left,300,3
ZigZagFSM,MonteCarloStateSingle-Time300,1,13,0,13,13.03840481,13,1,18,13,1,10,10,18,2,9,11,5,15,10,10,5,15,1,0,9,1,10,1,Right,Down,300,3
ZigZagFSM,MonteCarloStateSingle-Time300,-1,12,-1,11,12.04159458,11.04536102,0,17,-12,-11,9,11,17,3,10,10,5,15,10,10,6,14,1,1,10,1,10,2,Down,Left,300,3
ZigZagFSM,MonteCarloStateSingle-Time300,-3,11,-2,11,11.40175425,11.18033989,-2,17,-3,-5,7,13,17,3,10,10,6,14,9,11,6,14,1,1,10,0,9,3,Left,Left,300,3
ZigZagFSM,MonteCarloStateSingle-Time300,-3,10,-2,10,10.44030651,10.19803903,-3,16,-3,-5,6,14,16,4,9,11,6,14,8,12,6,14,1,0,9,-1,8,4,Left,Down,300,3
ZigZagFSM,MonteCarloStateSingle-Time300,-4,10,-4,9,10.77032961,9.848857802,-5,16,-2,-2,4,16,16,4,8,12,6,14,8,12,7,13,1,-1,8,-1,8,5,Left,Down,300,3
ZigZagFSM,MonteCarloStateSingle-Time300,-4,9,-5,7,9.848857802,8.602325267,-6,15,-2,-1,3,17,15,5,7,13,6,14,8,12,8,12,2,-2,7,-1,8,6,Down,Left,300,3
ZigZagFSM,MonteCarloStateSingle-Time300,-5,7,-5,6,8.602325267,7.810249676,-7,14,-1,-1,2,18,14,6,7,13,7,13,7,13,8,12,1,-2,7,-2,7,7,Down,Left,300,3
ZigZagFSM,MonteCarloStateSingle-Time300,-7,6,-6,6,9.219544457,8.485281374,-9,14,0,-1,0,20,14,6,7,13,8,12,6,14,8,12,1,-2,7,-3,6,8,Left,Left,300,3
ZigZagFSM,MonteCarloStateSingle-Time300,-5,5,-4,5,7.071067812,6.403124237,-8,13,-1,-1,1,19,13,7,6,14,8,12,5,15,8,12,1,-3,6,-4,5,9,Up,Left,300,3
ZigZagFSM,MonteCarloStateSingle-Time300,-3,6,-1,5,6.708203932,5.099019514,-6,13,-2,-5,3,17,13,7,6,14,7,13,4,16,8,12,2,-3,6,-5,4,10,Down,Down,300,3
ZigZagFSM,MonteCarloStateSingle-Time300,-1,5,1,4,5.099019514,4.123105626,-4,13,-5,4,5,15,13,7,6,14,8,12,4,16,9,11,2,-3,6,-5,4,11,Up,Left,300,3
ZigZagFSM,MonteCarloStateSingle-Time300,1,6,4,4,6.08276253,5.656854249,-2,13,6,1,7,13,13,7,6,14,7,13,3,17,9,11,4,-3,6,-6,3,12,Right,Down,300,3
ZigZagFSM,MonteCarloStateSingle-Time300,0,10,-3,10,10,10.44030651,-1,16,1,-3,8,12,16,4,8,12,6,14,11,9,6,14,3,-1,8,2,11,2,Left,Left,300,3
ZigZagFSM,MonteCarloStateSingle-Time300,0,9,-3,9,9,9.486832981,-2,15,1,-3,7,13,15,5,7,13,6,14,10,10,6,14,3,-2,7,1,10,3,Left,Down,300,3
ZigZagFSM,MonteCarloStateSingle-Time300,-1,9,-5,8,9.055385138,9.433981132,-4,15,-9,-1,5,15,15,5,6,14,6,14,10,10,7,13,4,-3,6,1,10,4,Left,Down,300,3
ZigZagFSM,MonteCarloStateSingle-Time300,-1,8,-6,6,8.062257748,8.485281374,-5,14,-8,-1,4,16,14,6,5,15,6,14,10,10,8,12,5,-4,5,1,10,5,Down,Down,300,3
ZigZagFSM,MonteCarloStateSingle-Time300,-1,5,-6,3,5.099019514,6.708203932,-5,12,-5,0,4,16,12,8,5,15,7,13,10,10,9,11,5,-4,5,1,10,6,Left,Left,300,3
ZigZagFSM,MonteCarloStateSingle-Time300,-1,4,-6,2,4.123105626,6.32455532,-6,11,-4,0,3,17,11,9,4,16,7,13,9,11,9,11,5,-5,4,0,9,7,Left,Up,300,3
ZigZagFSM,MonteCarloStateSingle-Time300,-1,3,-7,2,3.16227766,7.280109889,-7,10,-3,0,2,18,10,10,3,17,7,13,9,11,8,12,6,-6,3,0,9,8,Up,Up,300,3
ZigZagFSM,MonteCarloStateSingle-Time300,-1,2,-7,1,2.236067977,7.071067812,-7,8,-2,0,2,18,8,12,3,17,6,14,9,11,7,13,6,-6,3,0,9,9,Left,Left,300,3
ZigZagFSM,MonteCarloStateSingle-Time300,1,1,-5,0,1.414213562,5,-6,7,1,0,3,17,7,13,2,18,6,14,8,12,7,13,6,-7,2,-1,8,10,Right,Right,300,3
ZigZagFSM,MonteCarloStateSingle-Time300,1,0,-5,-1,1,5.099019514,-5,6,0,0,4,16,6,14,3,17,6,14,9,11,7,13,6,-6,3,0,9,11,Right,Right,300,3
ZigZagFSM,MonteCarloStateSingle-Time300,1,14,-2,14,14.03566885,14.14213562,0,19,14,-7,9,11,19,1,8,12,5,15,11,9,5,15,3,-1,8,2,11,0,Down,Left,300,3
ZigZagFSM,MonteCarloStateSingle-Time300,1,13,-1,14,13.03840481,14.03566885,0,19,13,-14,9,11,19,1,8,12,6,14,10,10,5,15,2,-1,8,1,10,1,Down,Left,300,3
ZigZagFSM,MonteCarloStateSingle-Time300,3,12,2,14,12.36931688,14.14213562,2,19,4,7,11,9,19,1,8,12,7,13,9,11,5,15,2,-1,8,0,9,2,Down,Right,300,3
ZigZagFSM,MonteCarloStateSingle-Time300,4,10,2,13,10.77032961,13.15294644,3,18,2,6,12,8,18,2,8,12,8,12,10,10,5,15,4,-1,8,1,10,3,Right,Down,300,3
ZigZagFSM,MonteCarloStateSingle-Time300,3,8,2,10,8.544003745,10.19803903,3,16,2,5,12,8,16,4,9,11,8,12,10,10,6,14,2,0,9,1,10,4,Down,Right,300,3
ZigZagFSM,MonteCarloStateSingle-Time300,4,6,2,9,7.211102551,9.219544457,4,15,1,4,13,7,15,5,9,11,9,11,11,9,6,14,4,0,9,2,11,5,Down,Down,300,3
ZigZagFSM,MonteCarloStateSingle-Time300,5,4,3,7,6.403124237,7.615773106,5,14,0,2,14,6,14,6,9,11,10,10,11,9,7,13,4,0,9,2,11,6,Right,Up,300,3
ZigZagFSM,MonteCarloStateSingle-Time300,5,3,4,7,5.830951895,8.062257748,6,13,0,1,15,5,13,7,10,10,10,10,11,9,6,14,4,1,10,2,11,7,Right,Right,300,3
ZigZagFSM,MonteCarloStateSingle-Time300,5,2,4,6,5.385164807,7.211102551,7,12,0,1,16,4,12,8,11,9,10,10,12,8,6,14,4,2,11,3,12,8,Right,Right,300,3
ZigZagFSM,MonteCarloStateSingle-Time300,6,2,5,6,6.32455532,7.810249676,9,12,0,1,18,2,12,8,12,8,10,10,13,7,6,14,4,3,12,4,13,9,Up,Right,300,3
ZigZagFSM,MonteCarloStateSingle-Time300,6,1,4,4,6.08276253,5.656854249,9,10,0,1,18,2,10,10,12,8,9,11,14,6,6,14,4,3,12,5,14,10,Right,Right,300,3
ZigZagFSM,MonteCarloStateSingle-Time300,6,0,4,3,6,5,10,9,0,0,19,1,9,11,13,7,9,11,15,5,6,14,4,4,13,6,15,11,Right,Right,300,3
ZigZagFSM,MonteCarloStateSingle-Time300,5,-2,3,1,5.385164807,3.16227766,10,7,0,0,19,1,7,13,14,6,9,11,16,4,6,14,4,5,14,7,16,12,Right,Right,300,3
ZigZagFSM,MonteCarloStateSingle-Time300,3,-3,1,0,4.242640687,1,9,6,-1,0,18,2,6,14,15,5,9,11,17,3,6,14,4,6,15,8,17,13,Right,Right,300,3
ZigZagFSM,MonteCarloStateSingle-Time300,1,14,-2,14,14.03566885,14.14213562,0,19,14,-7,9,11,19,1,8,12,5,15,11,9,5,15,3,-1,8,2,11,1,Right,Down,300,3
ZigZagFSM,MonteCarloStateSingle-Time300,1,13,-1,12,13.03840481,12.04159458,1,18,13,-12,10,10,18,2,9,11,5,15,11,9,6,14,2,0,9,2,11,2,Right,Down,300,3
ZigZagFSM,MonteCarloStateSingle-Time300,0,11,-1,9,11,9.055385138,1,16,1,-9,10,10,16,4,10,10,5,15,11,9,7,13,2,1,10,2,11,3,Left,Left,300,3
ZigZagFSM,MonteCarloStateSingle-Time300,1,9,0,7,9.055385138,7,1,14,9,1,10,10,14,6,9,11,5,15,10,10,7,13,2,0,9,1,10,4,Right,Left,300,3
ZigZagFSM,MonteCarloStateSingle-Time300,1,8,2,6,8.062257748,6.32455532,2,13,8,3,11,9,13,7,10,10,5,15,9,11,7,13,2,1,10,0,9,5,Down,Right,300,3
ZigZagFSM,MonteCarloStateSingle-Time300,2,6,2,5,6.32455532,5.385164807,3,12,3,2,12,8,12,8,10,10,6,14,10,10,7,13,1,1,10,1,10,6,Down,Down,300,3
ZigZagFSM,MonteCarloStateSingle-Time300,3,4,3,3,5,4.242640687,4,11,1,1,13,7,11,9,10,10,7,13,10,10,8,12,1,1,10,1,10,7,Up,Up,300,3
ZigZagFSM,MonteCarloStateSingle-Time300,4,4,4,3,5.656854249,5,5,10,1,0,14,6,10,10,10,10,6,14,10,10,7,13,1,1,10,1,10,8,Up,Right,300,3
ZigZagFSM,MonteCarloStateSingle-Time300,6,5,5,3,7.810249676,5.830951895,7,10,0,0,16,4,10,10,10,10,5,15,11,9,7,13,2,1,10,2,11,9,Right,Down,300,3
ZigZagFSM,MonteCarloStateSingle-Time300,6,4,6,1,7.211102551,6.08276253,8,9,0,0,17,3,9,11,11,9,5,15,11,9,8,12,3,2,11,2,11,10,Right,Right,300,3
ZigZagFSM,MonteCarloStateSingle-Time300,5,2,5,-1,5.385164807,5.099019514,8,7,0,0,17,3,7,13,12,8,5,15,12,8,8,12,3,3,12,3,12,11,Right,Right,300,3
ZigZagFSM,MonteCarloStateSingle-Time300,2,2,2,-1,2.828427125,2.236067977,6,7,1,0,15,5,7,13,13,7,5,15,13,7,8,12,3,4,13,4,13,12,Right,Right,300,3
ZigZagFSM,MonteCarloStateSingle-Time300,1,0,1,-3,1,3.16227766,6,5,0,-3,15,5,5,15,14,6,5,15,14,6,8,12,3,5,14,5,14,13,Right,Right,300,3
ZigZagFSM,MonteCarloStateSingle-Time300,1,12,-2,12,12.04159458,12.16552506,0,17,12,-6,9,11,17,3,8,12,5,15,11,9,5,15,3,-1,8,2,11,1,Right,Down,300,3
ZigZagFSM,MonteCarloStateSingle-Time300,2,12,0,11,12.16552506,11,2,17,6,1,11,9,17,3,9,11,5,15,11,9,6,14,2,0,9,2,11,2,Right,Left,300,3
ZigZagFSM,MonteCarloStateSingle-Time300,1,10,1,9,10.04987562,9.055385138,2,15,10,9,11,9,15,5,10,10,5,15,10,10,6,14,1,1,10,1,10,3,Right,Right,300,3
ZigZagFSM,MonteCarloStateSingle-Time300,1,9,1,8,9.055385138,8.062257748,3,14,9,8,12,8,14,6,11,9,5,15,11,9,6,14,1,2,11,2,11,4,Down,Down,300,3
ZigZagFSM,MonteCarloStateSingle-Time300,2,7,2,6,7.280109889,6.32455532,4,13,3,3,13,7,13,7,11,9,6,14,11,9,7,13,1,2,11,2,11,5,Right,Right,300,3
ZigZagFSM,MonteCarloStateSingle-Time300,3,7,3,6,7.615773106,6.708203932,6,13,2,2,15,5,13,7,12,8,6,14,12,8,7,13,1,3,12,3,12,6,Right,Right,300,3
ZigZagFSM,MonteCarloStateSingle-Time300,4,7,4,6,8.062257748,7.211102551,8,13,1,1,17,3,13,7,13,7,6,14,13,7,7,13,1,4,13,4,13,7,Right,Right,300,3
ZigZagFSM,MonteCarloStateSingle-Time300,4,6,4,5,7.211102551,6.403124237,9,12,1,1,18,2,12,8,14,6,6,14,14,6,7,13,1,5,14,5,14,8,Up,Right,300,3
ZigZagFSM,MonteCarloStateSingle-Time300,5,6,4,4,7.810249676,5.656854249,10,11,1,1,19,1,11,9,14,6,5,15,15,5,7,13,2,5,14,6,15,9,Right,Right,300,3
ZigZagFSM,MonteCarloStateSingle-Time300,4,4,3,2,5.656854249,3.605551275,10,9,1,0,19,1,9,11,15,5,5,15,16,4,7,13,2,6,15,7,16,10,Up,Right,300,3
ZigZagFSM,MonteCarloStateSingle-Time300,3,4,1,1,5,1.414213562,9,8,1,1,18,2,8,12,15,5,4,16,17,3,7,13,4,6,15,8,17,11,Right,Right,300,3
ZigZagFSM,MonteCarloStateSingle-Time300,1,3,-1,0,3.16227766,1,8,7,3,0,17,3,7,13,16,4,4,16,18,2,7,13,4,7,16,9,18,12,Up,Left,300,3
ZigZagFSM,MonteCarloStateSingle-Time300,3,14,0,14,14.31782106,14,2,19,4,1,11,9,19,1,8,12,5,15,11,9,5,15,3,-1,8,2,11,1,Down,Down,300,3
ZigZagFSM,MonteCarloStateSingle-Time300,4,12,1,12,12.64911064,12.04159458,3,18,3,12,12,8,18,2,8,12,6,14,11,9,6,14,3,-1,8,2,11,2,Right,Down,300,3
ZigZagFSM,MonteCarloStateSingle-Time300,5,12,3,11,13,11.40175425,5,18,2,3,14,6,18,2,9,11,6,14,11,9,7,13,2,0,9,2,11,3,Right,Down,300,3
ZigZagFSM,MonteCarloStateSingle-Time300,5,11,4,9,12.08304597,9.848857802,6,17,2,2,15,5,17,3,10,10,6,14,11,9,8,12,2,1,10,2,11,4,Down,Down,300,3
ZigZagFSM,MonteCarloStateSingle-Time300,6,9,5,7,10.81665383,8.602325267,7,16,1,1,16,4,16,4,10,10,7,13,11,9,9,11,2,1,10,2,11,5,Down,Down,300,3
ZigZagFSM,MonteCarloStateSingle-Time300,7,7,6,5,9.899494937,7.810249676,8,15,1,0,17,3,15,5,10,10,8,12,11,9,10,10,2,1,10,2,11,6,Right,Down,300,3
ZigZagFSM,MonteCarloStateSingle-Time300,8,7,8,4,10.63014581,8.94427191,10,15,0,0,19,1,15,5,11,9,8,12,11,9,11,9,3,2,11,2,11,7,Right,Down,300,3
ZigZagFSM,MonteCarloStateSingle-Time300,6,6,7,2,8.485281374,7.280109889,9,14,1,0,18,2,14,6,12,8,8,12,11,9,12,8,4,3,12,2,11,8,Right,Right,300,3
ZigZagFSM,MonteCarloStateSingle-Time300,5,4,6,0,6.403124237,6,9,12,0,0,18,2,12,8,13,7,8,12,12,8,12,8,4,4,13,3,12,9,Up,Right,300,3
ZigZagFSM,MonteCarloStateSingle-Time300,4,4,4,-1,5.656854249,4.123105626,8,11,1,0,17,3,11,9,13,7,7,13,13,7,12,8,5,4,13,4,13,10,Right,Right,300,3
ZigZagFSM,MonteCarloStateSingle-Time300,2,3,2,-2,3.605551275,2.828427125,7,10,1,-1,16,4,10,10,14,6,7,13,14,6,12,8,5,5,14,5,14,11,Up,Up,300,3
ZigZagFSM,MonteCarloStateSingle-Time300,1,3,1,-2,3.16227766,2.236067977,6,9,3,-2,15,5,9,11,14,6,6,14,14,6,11,9,5,5,14,5,14,12,Right,Up,300,3
ZigZagFSM,MonteCarloStateSingle-Time300,-1,2,0,-2,2.236067977,2,5,8,-2,1,14,6,8,12,15,5,6,14,14,6,10,10,4,6,15,5,14,13,Left,Left,300,3
ZigZagFSM,MonteCarloStateSingle-Time300,-1,1,0,-3,1.414213562,3,4,7,-1,1,13,7,7,13,14,6,6,14,13,7,10,10,4,5,14,4,13,14,Left,Left,300,3
ZigZagFSM,MonteCarloStateSingle-Time300,-1,0,0,-4,1,4,3,6,0,1,12,8,6,14,13,7,6,14,12,8,10,10,4,4,13,3,12,15,Left,Left,300,3
ZigZagFSM,MonteCarloStateSingle-Time300,0,13,-3,13,13,13.34166406,-1,18,1,-4,8,12,18,2,8,12,5,15,11,9,5,15,3,-1,8,2,11,1,Down,Down,300,3
ZigZagFSM,MonteCarloStateSingle-Time300,-1,11,-4,11,11.04536102,11.70469991,-2,17,-11,-2,7,13,17,3,8,12,6,14,11,9,6,14,3,-1,8,2,11,2,Down,Down,300,3
ZigZagFSM,MonteCarloStateSingle-Time300,-2,9,-5,9,9.219544457,10.29563014,-3,16,-4,-1,6,14,16,4,8,12,7,13,11,9,7,13,3,-1,8,2,11,3,Down,Down,300,3
ZigZagFSM,MonteCarloStateSingle-Time300,-2,6,-5,6,6.32455532,7.810249676,-3,14,-3,-1,6,14,14,6,8,12,8,12,11,9,8,12,3,-1,8,2,11,4,Left,Down,300,3
ZigZagFSM,MonteCarloStateSingle-Time300,-2,5,-6,4,5.385164807,7.211102551,-4,13,-2,0,5,15,13,7,7,13,8,12,11,9,9,11,4,-2,7,2,11,5,Left,Left,300,3
ZigZagFSM,MonteCarloStateSingle-Time300,-2,4,-6,3,4.472135955,6.708203932,-5,12,-2,0,4,16,12,8,6,14,8,12,10,10,9,11,4,-3,6,1,10,6,Up,Left,300,3
ZigZagFSM,MonteCarloStateSingle-Time300,-3,4,-6,2,5,6.32455532,-6,11,-1,0,3,17,11,9,6,14,7,13,9,11,9,11,4,-3,6,0,9,7,Left,Left,300,3
ZigZagFSM,MonteCarloStateSingle-Time300,-3,3,-6,1,4.242640687,6.08276253,-7,10,-1,0,2,18,10,10,5,15,7,13,8,12,9,11,4,-4,5,-1,8,8,Left,Left,300,3
ZigZagFSM,MonteCarloStateSingle-Time300,-3,2,-6,0,3.605551275,6,-8,9,0,0,1,19,9,11,4,16,7,13,7,13,9,11,4,-5,4,-2,7,9,Left,Left,300,3
ZigZagFSM,MonteCarloStateSingle-Time300,-3,1,-6,-1,3.16227766,6.08276253,-9,8,0,0,0,20,8,12,3,17,7,13,6,14,9,11,4,-6,3,-3,6,10,Left,Left,300,3
ZigZagFSM,MonteCarloStateSingle-Time300,0,1,-3,-1,1,3.16227766,-7,8,1,0,2,18,8,12,2,18,7,13,5,15,9,11,4,-7,2,-4,5,11,Down,Right,300,3
ZigZagFSM,MonteCarloStateSingle-Time300,1,14,-2,14,14.03566885,14.14213562,0,19,14,-7,9,11,19,1,8,12,5,15,11,9,5,15,3,-1,8,2,11,0,Right,Down,300,3
ZigZagFSM,MonteCarloStateSingle-Time300,-1,13,-3,12,13.03840481,12.36931688,-1,18,-13,-4,8,12,18,2,9,11,5,15,11,9,6,14,2,0,9,2,11,1,Left,Down,300,3
ZigZagFSM,MonteCarloStateSingle-Time300,-2,13,-5,11,13.15294644,12.08304597,-3,18,-6,-2,6,14,18,2,8,12,5,15,11,9,7,13,4,-1,8,2,11,2,Left,Down,300,3
ZigZagFSM,MonteCarloStateSingle-Time300,-2,12,-6,9,12.16552506,10.81665383,-4,17,-6,-1,5,15,17,3,7,13,5,15,11,9,8,12,5,-2,7,2,11,3,Left,Down,300,3
ZigZagFSM,MonteCarloStateSingle-Time300,-1,10,-6,6,10.04987562,8.485281374,-4,15,-10,-1,5,15,15,5,6,14,5,15,11,9,9,11,6,-3,6,2,11,4,Down,Down,300,3
ZigZagFSM,MonteCarloStateSingle-Time300,-3,9,-8,5,9.486832981,9.433981132,-6,15,-3,0,3,17,15,5,6,14,6,14,11,9,10,10,6,-3,6,2,11,5,Left,Down,300,3
ZigZagFSM,MonteCarloStateSingle-Time300,-3,8,-9,3,8.544003745,9.486832981,-7,14,-2,0,2,18,14,6,5,15,6,14,11,9,11,9,8,-4,5,2,11,6,Up,Down,300,3
ZigZagFSM,MonteCarloStateSingle-Time300,-4,8,-10,1,8.94427191,10.04987562,-8,13,-2,0,1,19,13,7,5,15,5,15,11,9,12,8,9,-4,5,2,11,7,Down,Left,300,3
ZigZagFSM,MonteCarloStateSingle-Time300,-5,6,-10,0,7.810249676,10,-9,12,-1,0,0,20,12,8,5,15,6,14,10,10,12,8,8,-4,5,1,10,8,Left,Left,300,3
ZigZagFSM,MonteCarloStateSingle-Time300,-3,6,-8,0,6.708203932,8,-8,12,-2,0,1,19,12,8,4,16,6,14,9,11,12,8,8,-5,4,0,9,9,Left,Left,300,3
ZigZagFSM,MonteCarloStateSingle-Time300,0,6,-5,0,6,5,-6,12,1,0,3,17,12,8,3,17,6,14,8,12,12,8,8,-6,3,-1,8,10,Up,Up,300,3
ZigZagFSM,MonteCarloStateSingle-Time300,2,7,-3,1,7.280109889,3.16227766,-4,12,3,0,5,15,12,8,3,17,5,15,8,12,11,9,8,-6,3,-1,8,11,Right,Down,300,3
ZigZagFSM,MonteCarloStateSingle-Time300,3,7,-1,0,7.615773106,1,-2,12,2,0,7,13,12,8,4,16,5,15,8,12,12,8,8,-5,4,-1,8,12,Down,Left,300,3
ZigZagFSM,MonteCarloStateSingle-Time300,1,14,-2,14,14.03566885,14.14213562,0,19,14,-7,9,11,19,1,8,12,5,15,11,9,5,15,3,-1,8,2,11,1,Down,Left,300,3
ZigZagFSM,MonteCarloStateSingle-Time300,0,12,-2,13,12,13.15294644,-1,18,1,-6,8,12,18,2,8,12,6,14,10,10,5,15,2,-1,8,1,10,2,Down,Left,300,3
ZigZagFSM,MonteCarloStateSingle-Time300,-1,10,-2,12,10.04987562,12.16552506,-2,17,-10,-6,7,13,17,3,8,12,7,13,9,11,5,15,2,-1,8,0,9,3,Down,Down,300,3
ZigZagFSM,MonteCarloStateSingle-Time300,-3,9,-4,11,9.486832981,11.70469991,-4,17,-3,-2,5,15,17,3,8,12,8,12,9,11,6,14,2,-1,8,0,9,4,Down,Left,300,3
ZigZagFSM,MonteCarloStateSingle-Time300,-5,8,-5,11,9.433981132,12.08304597,-6,17,-1,-2,3,17,17,3,8,12,9,11,8,12,6,14,3,-1,8,-1,8,5,Left,Left,300,3
ZigZagFSM,MonteCarloStateSingle-Time300,-4,6,-4,9,7.211102551,9.848857802,-6,15,-1,-2,3,17,15,5,7,13,9,11,7,13,6,14,3,-2,7,-2,7,6,Left,Up,300,3
ZigZagFSM,MonteCarloStateSingle-Time300,-4,5,-5,9,6.403124237,10.29563014,-7,14,-1,-1,2,18,14,6,6,14,9,11,7,13,5,15,4,-3,6,-2,7,7,Left,Up,300,3
ZigZagFSM,MonteCarloStateSingle-Time300,-4,4,-6,9,5.656854249,10.81665383,-8,13,-1,-1,1,19,13,7,5,15,9,11,7,13,4,16,5,-4,5,-2,7,8,Left,Left,300,3
ZigZagFSM,MonteCarloStateSingle-Time300,-4,3,-6,8,5,10,-9,12,0,-1,0,20,12,8,4,16,9,11,6,14,4,16,5,-5,4,-3,6,9,Left,Left,300,3
ZigZagFSM,MonteCarloStateSingle-Time300,-2,3,-4,8,3.605551275,8.94427191,-8,12,-1,-2,1,19,12,8,3,17,9,11,5,15,4,16,5,-6,3,-4,5,10,Left,Left,300,3
ZigZagFSM,MonteCarloStateSingle-Time300,1,3,-1,8,3.16227766,8.062257748,-6,12,3,-8,3,17,12,8,2,18,9,11,4,16,4,16,5,-7,2,-5,4,11,Up,Right,300,3
ZigZagFSM,MonteCarloStateSingle-Time300,3,4,0,8,5,8,-4,12,1,1,5,15,12,8,2,18,8,12,5,15,4,16,5,-7,2,-4,5,12,Up,Right,300,3
ZigZagFSM,MonteCarloStateSingle-Time300,5,5,1,8,7.071067812,8.062257748,-2,12,1,8,7,13,12,8,2,18,7,13,6,14,4,16,5,-7,2,-3,6,13,Right,Right,300,3
ZigZagFSM,MonteCarloStateSingle-Time300,6,5,2,8,7.810249676,8.246211251,0,12,0,4,9,11,12,8,3,17,7,13,7,13,4,16,5,-6,3,-2,7,14,Right,Down,300,3
ZigZagFSM,MonteCarloStateSingle-Time300,5,3,2,5,5.830951895,5.385164807,0,10,0,2,9,11,10,10,4,16,7,13,7,13,5,15,4,-5,4,-2,7,15,Right,Right,300,3
ZigZagFSM,MonteCarloStateSingle-Time300,4,1,1,3,4.123105626,3.16227766,0,8,0,3,9,11,8,12,5,15,7,13,8,12,5,15,4,-4,5,-1,8,16,Right,Right,300,3
ZigZagFSM,MonteCarloStateSingle-Time300,3,-1,0,1,3.16227766,1,0,6,0,1,9,11,6,14,6,14,7,13,9,11,5,15,4,-3,6,0,9,17,Right,Down,300,3
ZigZagFSM,MonteCarloStateSingle-Time300,1,14,-2,14,14.03566885,14.14213562,0,19,14,-7,9,11,19,1,8,12,5,15,11,9,5,15,3,-1,8,2,11,1,Right,Left,300,3
ZigZagFSM,MonteCarloStateSingle-Time300,0,12,-1,12,12,12.04159458,0,17,1,-12,9,11,17,3,9,11,5,15,10,10,5,15,1,0,9,1,10,2,Down,Left,300,3
ZigZagFSM,MonteCarloStateSingle-Time300,-1,10,-1,11,10.04987562,11.04536102,-1,16,-10,-11,8,12,16,4,9,11,6,14,9,11,5,15,1,0,9,0,9,3,Left,Down,300,3
ZigZagFSM,MonteCarloStateSingle-Time300,-1,9,-2,9,9.055385138,9.219544457,-2,15,-9,-4,7,13,15,5,8,12,6,14,9,11,6,14,1,-1,8,0,9,4,Left,Left,300,3
ZigZagFSM,MonteCarloStateSingle-Time300,-1,8,-2,8,8.062257748,8.246211251,-3,14,-8,-4,6,14,14,6,7,13,6,14,8,12,6,14,1,-2,7,-1,8,5,Down,Left,300,3
ZigZagFSM,MonteCarloStateSingle-Time300,-2,6,-2,7,6.32455532,7.280109889,-4,13,-3,-3,5,15,13,7,7,13,7,13,7,13,6,14,1,-2,7,-2,7,6,Up,Down,300,3
ZigZagFSM,MonteCarloStateSingle-Time300,-4,7,-4,6,8.062257748,7.211102551,-6,13,-1,-1,3,17,13,7,7,13,6,14,7,13,7,13,1,-2,7,-2,7,7,Left,Up,300,3
ZigZagFSM,MonteCarloStateSingle-Time300,-5,7,-6,7,8.602325267,9.219544457,-8,13,-1,-1,1,19,13,7,6,14,6,14,7,13,6,14,1,-3,6,-2,7,8,Down,Down,300,3
ZigZagFSM,MonteCarloStateSingle-Time300,-6,6,-7,6,8.485281374,9.219544457,-9,13,-1,0,0,20,13,7,6,14,7,13,7,13,7,13,1,-3,6,-2,7,9,Down,Left,300,3
ZigZagFSM,MonteCarloStateSingle-Time300,-4,5,-4,6,6.403124237,7.211102551,-7,13,-1,-1,2,18,13,7,6,14,8,12,6,14,7,13,1,-3,6,-3,6,10,Left,Left,300,3
ZigZagFSM,MonteCarloStateSingle-Time300,-1,5,-1,6,5.099019514,6.08276253,-5,13,-5,-6,4,16,13,7,5,15,8,12,5,15,7,13,1,-4,5,-4,5,11,Left,Left,300,3
ZigZagFSM,MonteCarloStateSingle-Time300,2,5,2,6,5.385164807,6.32455532,-3,13,2,3,6,14,13,7,4,16,8,12,4,16,7,13,1,-5,4,-5,4,12,Right,Down,300,3
ZigZagFSM,MonteCarloStateSingle-Time300,3,5,4,5,5.830951895,6.403124237,-1,13,1,1,8,12,13,7,5,15,8,12,4,16,8,12,1,-4,5,-5,4,13,Right,Right,300,3
ZigZagFSM,MonteCarloStateSingle-Time300,3,4,4,4,5,5.656854249,0,12,1,1,9,11,12,8,6,14,8,12,5,15,8,12,1,-3,6,-4,5,14,Right,Right,300,3
ZigZagFSM,MonteCarloStateSingle-Time300,2,2,3,2,2.828427125,3.605551275,0,10,1,0,9,11,10,10,7,13,8,12,6,14,8,12,1,-2,7,-3,6,15,Right,Right,300,3
ZigZagFSM,MonteCarloStateSingle-Time300,1,0,2,0,1,2,0,8,0,0,9,11,8,12,8,12,8,12,7,13,8,12,1,-1,8,-2,7,16,Right,Right,300,3
ZigZagFSM,MonteCarloStateSingle-Time300,-1,14,-4,14,14.03566885,14.56021978,-2,19,-14,-3,7,13,19,1,8,12,5,15,11,9,5,15,3,-1,8,2,11,1,Down,Down,300,3
ZigZagFSM,MonteCarloStateSingle-Time300,-3,13,-6,13,13.34166406,14.31782106,-4,19,-4,-2,5,15,19,1,8,12,6,14,11,9,6,14,3,-1,8,2,11,2,Left,Left,300,3
ZigZagFSM,MonteCarloStateSingle-Time300,-3,12,-6,12,12.36931688,13.41640786,-5,18,-4,-2,4,16,18,2,7,13,6,14,10,10,6,14,3,-2,7,1,10,3,Left,Left,300,3
ZigZagFSM,MonteCarloStateSingle-Time300,-2,10,-5,10,10.19803903,11.18033989,-5,16,-5,-2,4,16,16,4,6,14,6,14,9,11,6,14,3,-3,6,0,9,4,Left,Left,300,3
ZigZagFSM,MonteCarloStateSingle-Time300,-3,10,-6,10,10.44030651,11.66190379,-7,16,-3,-1,2,18,16,4,5,15,6,14,8,12,6,14,3,-4,5,-1,8,5,Left,Left,300,3
ZigZagFSM,MonteCarloStateSingle-Time300,-3,9,-6,9,9.486832981,10.81665383,-8,15,-3,-1,1,19,15,5,4,16,6,14,7,13,6,14,3,-5,4,-2,7,6,Down,Down,300,3
ZigZagFSM,MonteCarloStateSingle-Time300,-4,8,-7,8,8.94427191,10.63014581,-9,15,-2,-1,0,20,15,5,4,16,7,13,7,13,7,13,3,-5,4,-2,7,7,Left,Down,300,3
ZigZagFSM,MonteCarloStateSingle-Time300,-1,8,-5,7,8.062257748,8.602325267,-7,15,-8,-1,2,18,15,5,3,17,7,13,7,13,8,12,4,-6,3,-2,7,8,Left,Left,300,3
ZigZagFSM,MonteCarloStateSingle-Time300,2,8,-2,7,8.246211251,7.280109889,-5,15,4,-3,4,16,15,5,2,18,7,13,6,14,8,12,4,-7,2,-3,6,9,Down,Down,300,3
ZigZagFSM,MonteCarloStateSingle-Time300,4,7,0,6,8.062257748,6,-3,15,1,1,6,14,15,5,2,18,8,12,6,14,9,11,4,-7,2,-3,6,10,Down,Left,300,3
ZigZagFSM,MonteCarloStateSingle-Time300,6,6,3,6,8.485281374,6.708203932,-1,15,1,2,8,12,15,5,2,18,9,11,5,15,9,11,3,-7,2,-4,5,11,Right,Right,300,3
ZigZagFSM,MonteCarloStateSingle-Time300,6,5,3,5,7.810249676,5.830951895,0,14,0,1,9,11,14,6,3,17,9,11,6,14,9,11,3,-6,3,-3,6,12,Right,Right,300,3
ZigZagFSM,MonteCarloStateSingle-Time300,5,3,2,3,5.830951895,3.605551275,0,12,0,1,9,11,12,8,4,16,9,11,7,13,9,11,3,-5,4,-2,7,13,Up,Up,300,3
ZigZagFSM,MonteCarloStateSingle-Time300,5,2,2,2,5.385164807,2.828427125,0,10,0,1,9,11,10,10,4,16,8,12,7,13,8,12,3,-5,4,-2,7,14,Right,Right,300,3
ZigZagFSM,MonteCarloStateSingle-Time300,4,0,1,0,4,1,0,8,0,0,9,11,8,12,5,15,8,12,8,12,8,12,3,-4,5,-1,8,15,Right,Right,300,3
ZigZagFSM,MonteCarloStateSingle-Time300,2,7,2,6,7.280109889,6.32455532,3,14,3,3,12,8,14,6,10,10,7,13,10,10,8,12,1,1,10,1,10,4,Down,Right,300,3
ZigZagFSM,MonteCarloStateSingle-Time300,3,5,2,5,5.830951895,5.385164807,4,13,1,2,13,7,13,7,10,10,8,12,11,9,8,12,1,1,10,2,11,5,Right,Down,300,3
ZigZagFSM,MonteCarloStateSingle-Time300,3,4,3,3,5,4.242640687,5,12,1,1,14,6,12,8,11,9,8,12,11,9,9,11,1,2,11,2,11,6,Up,Right,300,3
ZigZagFSM,MonteCarloStateSingle-Time300,4,4,3,2,5.656854249,3.605551275,6,11,1,0,15,5,11,9,11,9,7,13,12,8,9,11,2,2,11,3,12,7,Right,Up,300,3
ZigZagFSM,MonteCarloStateSingle-Time300,4,3,4,2,5,4.472135955,7,10,0,0,16,4,10,10,12,8,7,13,12,8,8,12,1,3,12,3,12,8,Right,Right,300,3
ZigZagFSM,MonteCarloStateSingle-Time300,3,1,3,0,3.16227766,3,7,8,0,0,16,4,8,12,13,7,7,13,13,7,8,12,1,4,13,4,13,9,Right,Right,300,3
ZigZagFSM,MonteCarloStateSingle-Time300,1,0,1,-1,1,1.414213562,6,7,0,-1,15,5,7,13,14,6,7,13,14,6,8,12,1,5,14,5,14,10,Right,Right,300,3
ZigZagFSM,MonteCarloStateSingle-Time300,1,14,-2,14,14.03566885,14.14213562,0,19,14,-7,9,11,19,1,8,12,5,15,11,9,5,15,3,-1,8,2,11,0,Down,Left,300,3
ZigZagFSM,MonteCarloStateSingle-Time300,1,13,-1,14,13.03840481,14.03566885,0,19,13,-14,9,11,19,1,8,12,6,14,10,10,5,15,2,-1,8,1,10,1,Right,Down,300,3
ZigZagFSM,MonteCarloStateSingle-Time300,0,11,-1,11,11,11.04536102,0,17,1,-11,9,11,17,3,9,11,6,14,10,10,6,14,1,0,9,1,10,2,Left,Left,300,3
ZigZagFSM,MonteCarloStateSingle-Time300,1,9,0,9,9.055385138,9,0,15,9,1,9,11,15,5,8,12,6,14,9,11,6,14,1,-1,8,0,9,3,Down,Down,300,3
ZigZagFSM,MonteCarloStateSingle-Time300,0,7,-1,7,7,7.071067812,-1,14,1,-7,8,12,14,6,8,12,7,13,9,11,7,13,1,-1,8,0,9,4,Left,Left,300,3
ZigZagFSM,MonteCarloStateSingle-Time300,0,6,-1,6,6,6.08276253,-2,13,1,-6,7,13,13,7,7,13,7,13,8,12,7,13,1,-2,7,-1,8,5,Down,Up,300,3
ZigZagFSM,MonteCarloStateSingle-Time300,0,3,-1,5,3,5.099019514,-2,11,1,-5,7,13,11,9,7,13,8,12,8,12,6,14,2,-2,7,-1,8,6,Up,Up,300,3
ZigZagFSM,MonteCarloStateSingle-Time300,-1,3,-2,5,3.16227766,5.385164807,-3,10,-3,-2,6,14,10,10,7,13,7,13,8,12,5,15,2,-2,7,-1,8,7,Left,Left,300,3
ZigZagFSM,MonteCarloStateSingle-Time300,-2,3,-3,5,3.605551275,5.830951895,-5,10,-1,-1,4,16,10,10,6,14,7,13,7,13,5,15,2,-3,6,-2,7,8,Left,Left,300,3
ZigZagFSM,MonteCarloStateSingle-Time300,-3,3,-4,5,4.242640687,6.403124237,-7,10,-1,-1,2,18,10,10,5,15,7,13,6,14,5,15,2,-4,5,-3,6,9,Left,Left,300,3
ZigZagFSM,MonteCarloStateSingle-Time300,-4,3,-5,5,5,7.071067812,-9,10,0,-1,0,20,10,10,4,16,7,13,5,15,5,15,2,-5,4,-4,5,10,Left,Left,300,3
ZigZagFSM,MonteCarloStateSingle-Time300,-2,2,-3,4,2.828427125,5,-8,9,-1,-1,1,19,9,11,3,17,7,13,4,16,5,15,2,-6,3,-5,4,11,Left,Left,300,3
ZigZagFSM,MonteCarloStateSingle-Time300,1,2,0,4,2.236067977,4,-6,9,2,1,3,17,9,11,2,18,7,13,3,17,5,15,2,-7,2,-6,3,12,Right,Right,300,3
ZigZagFSM,MonteCarloStateSingle-Time300,1,1,0,3,1.414213562,3,-5,8,1,1,4,16,8,12,3,17,7,13,4,16,5,15,2,-6,3,-5,4,13,Right,Right,300,3
ZigZagFSM,MonteCarloStateSingle-Time300,2,1,1,3,2.236067977,3.16227766,-3,8,0,3,6,14,8,12,4,16,7,13,5,15,5,15,2,-5,4,-4,5,14,Right,Right,300,3
ZigZagFSM,MonteCarloStateSingle-Time300,2,0,1,2,2,2.236067977,-2,7,0,2,7,13,7,13,5,15,7,13,6,14,5,15,2,-4,5,-3,6,15,Right,Right,300,3
ZigZagFSM,MonteCarloStateSingle-Time300,2,-1,1,1,2.236067977,1.414213562,-1,6,0,1,8,12,6,14,6,14,7,13,7,13,5,15,2,-3,6,-2,7,16,Right,Right,300,3
ZigZagFSM,MonteCarloStateSingle-Time300,2,-2,1,0,2.828427125,1,0,5,-1,0,9,11,5,15,7,13,7,13,8,12,5,15,2,-2,7,-1,8,17,Right,Right,300,3
ZigZagFSM,MonteCarloStateSingle-Time300,1,14,-2,14,14.03566885,14.14213562,0,19,14,-7,9,11,19,1,8,12,5,15,11,9,5,15,3,-1,8,2,11,0,Down,Left,300,3
ZigZagFSM,MonteCarloStateSingle-Time300,1,11,-1,12,11.04536102,12.04159458,0,17,11,-12,9,11,17,3,8,12,6,14,10,10,5,15,2,-1,8,1,10,1,Right,Left,300,3
ZigZagFSM,MonteCarloStateSingle-Time300,1,10,1,11,10.04987562,11.04536102,1,16,10,11,10,10,16,4,9,11,6,14,9,11,5,15,1,0,9,0,9,2,Down,Down,300,3
ZigZagFSM,MonteCarloStateSingle-Time300,1,7,1,8,7.071067812,8.062257748,1,14,7,8,10,10,14,6,9,11,7,13,9,11,6,14,1,0,9,0,9,3,Right,Down,300,3
ZigZagFSM,MonteCarloStateSingle-Time300,1,6,2,6,6.08276253,6.32455532,2,13,6,3,11,9,13,7,10,10,7,13,9,11,7,13,1,1,10,0,9,4,Right,Right,300,3
ZigZagFSM,MonteCarloStateSingle-Time300,1,5,2,5,5.099019514,5.385164807,3,12,5,2,12,8,12,8,11,9,7,13,10,10,7,13,1,2,11,1,10,5,Up,Right,300,3
ZigZagFSM,MonteCarloStateSingle-Time300,2,5,2,4,5.385164807,4.472135955,4,11,2,2,13,7,11,9,11,9,6,14,11,9,7,13,1,2,11,2,11,6,Right,Right,300,3
ZigZagFSM,MonteCarloStateSingle-Time300,2,4,2,3,4.472135955,3.605551275,5,10,2,1,14,6,10,10,12,8,6,14,12,8,7,13,1,3,12,3,12,7,Right,Right,300,3
ZigZagFSM,MonteCarloStateSingle-Time300,1,2,1,1,2.236067977,1.414213562,5,8,2,1,14,6,8,12,13,7,6,14,13,7,7,13,1,4,13,4,13,8,Right,Right,300,3
ZigZagFSM,MonteCarloStateSingle-Time300,1,1,1,0,1.414213562,1,6,7,1,0,15,5,7,13,14,6,6,14,14,6,7,13,1,5,14,5,14,9,Up,Right,300,3
ZigZagFSM,MonteCarloStateSingle-Time300,1,14,-2,14,14.03566885,14.14213562,0,19,14,-7,9,11,19,1,8,12,5,15,11,9,5,15,3,-1,8,2,11,0,Right,Down,300,3
ZigZagFSM,MonteCarloStateSingle-Time300,1,13,-1,12,13.03840481,12.04159458,1,18,13,-12,10,10,18,2,9,11,5,15,11,9,6,14,2,0,9,2,11,1,Right,Down,300,3
ZigZagFSM,MonteCarloStateSingle-Time300,1,12,0,10,12.04159458,10,2,17,12,1,11,9,17,3,10,10,5,15,11,9,7,13,2,1,10,2,11,2,Down,Down,300,3
ZigZagFSM,MonteCarloStateSingle-Time300,1,9,0,7,9.055385138,7,2,15,9,1,11,9,15,5,10,10,6,14,11,9,8,12,2,1,10,2,11,3,Down,Left,300,3
ZigZagFSM,MonteCarloStateSingle-Time300,1,14,-2,14,14.03566885,14.14213562,0,19,14,-7,9,11,19,1,8,12,5,15,11,9,5,15,3,-1,8,2,11,0,Down,Down,300,3
ZigZagFSM,MonteCarloStateSingle-Time300,2,12,-1,12,12.16552506,12.04159458,1,18,6,-12,10,10,18,2,8,12,6,14,11,9,6,14,3,-1,8,2,11,1,Right,Down,300,3
ZigZagFSM,MonteCarloStateSingle-Time300,0,11,-2,10,11,10.19803903,0,17,1,-5,9,11,17,3,9,11,6,14,11,9,7,13,2,0,9,2,11,2,Down,Down,300,3
ZigZagFSM,MonteCarloStateSingle-Time300,0,8,-2,7,8,7.280109889,0,15,1,-3,9,11,15,5,9,11,7,13,11,9,8,12,2,0,9,2,11,3,Left,Left,300,3
ZigZagFSM,MonteCarloStateSingle-Time300,1,6,-1,5,6.08276253,5.099019514,0,13,6,-5,9,11,13,7,8,12,7,13,10,10,8,12,2,-1,8,1,10,4,Right,Down,300,3
ZigZagFSM,MonteCarloStateSingle-Time300,-1,5,-2,3,5.099019514,3.605551275,-1,12,-5,-1,8,12,12,8,9,11,7,13,10,10,9,11,2,0,9,1,10,5,Up,Up,300,3
ZigZagFSM,MonteCarloStateSingle-Time300,-2,5,-3,3,5.385164807,4.242640687,-2,11,-2,-1,7,13,11,9,9,11,6,14,10,10,8,12,2,0,9,1,10,6,Up,Left,300,3
ZigZagFSM,MonteCarloStateSingle-Time300,-3,5,-3,2,5.830951895,3.605551275,-3,10,-1,0,6,14,10,10,9,11,5,15,9,11,8,12,3,0,9,0,9,7,Left,Left,300,3
ZigZagFSM,MonteCarloStateSingle-Time300,-4,5,-4,2,6.403124237,4.472135955,-5,10,-1,0,4,16,10,10,8,12,5,15,8,12,8,12,3,-1,8,-1,8,8,Up,Down,300,3
ZigZagFSM,MonteCarloStateSingle-Time300,-5,5,-5,0,7.071067812,5,-6,9,-1,0,3,17,9,11,8,12,4,16,8,12,9,11,5,-1,8,-1,8,9,Left,Left,300,3
ZigZagFSM,MonteCarloStateSingle-Time300,-3,4,-3,-1,5,3.16227766,-5,8,-1,0,4,16,8,12,7,13,4,16,7,13,9,11,5,-2,7,-2,7,10,Left,Left,300,3
ZigZagFSM,MonteCarloStateSingle-Time300,0,4,0,-1,4,1,-3,8,1,1,6,14,8,12,6,14,4,16,6,14,9,11,5,-3,6,-3,6,11,Left,Up,300,3
ZigZagFSM,MonteCarloStateSingle-Time300,1,13,-2,13,13.03840481,13.15294644,0,18,13,-6,9,11,18,2,8,12,5,15,11,9,5,15,3,-1,8,2,11,0,Down,Down,300,3
ZigZagFSM,MonteCarloStateSingle-Time300,1,10,-2,10,10.04987562,10.19803903,0,16,10,-5,9,11,16,4,8,12,6,14,11,9,6,14,3,-1,8,2,11,1,Right,Left,300,3
ZigZagFSM,MonteCarloStateSingle-Time300,-1,9,-2,9,9.055385138,9.219544457,-1,15,-9,-4,8,12,15,5,9,11,6,14,10,10,6,14,1,0,9,1,10,2,Left,Down,300,3
ZigZagFSM,MonteCarloStateSingle-Time300,-2,9,-4,8,9.219544457,8.94427191,-3,15,-4,-2,6,14,15,5,8,12,6,14,10,10,7,13,2,-1,8,1,10,3,Down,Left,300,3
ZigZagFSM,MonteCarloStateSingle-Time300,-3,7,-4,7,7.615773106,8.062257748,-4,14,-2,-1,5,15,14,6,8,12,7,13,9,11,7,13,1,-1,8,0,9,4,Down,Down,300,3
ZigZagFSM,MonteCarloStateSingle-Time300,-4,5,-5,5,6.403124237,7.071067812,-5,13,-1,-1,4,16,13,7,8,12,8,12,9,11,8,12,1,-1,8,0,9,5,Down,Left,300,3
ZigZagFSM,MonteCarloStateSingle-Time300,-5,3,-5,4,5.830951895,6.403124237,-6,12,0,0,3,17,12,8,8,12,9,11,8,12,8,12,1,-1,8,-1,8,6,Left,Left,300,3
ZigZagFSM,MonteCarloStateSingle-Time300,-5,2,-5,3,5.385164807,5.830951895,-7,11,0,0,2,18,11,9,7,13,9,11,7,13,8,12,1,-2,7,-2,7,7,Left,Left,300,3
ZigZagFSM,MonteCarloStateSingle-Time300,-5,1,-5,2,5.099019514,5.385164807,-8,10,0,0,1,19,10,10,6,14,9,11,6,14,8,12,1,-3,6,-3,6,8,Left,Left,300,3
ZigZagFSM,MonteCarloStateSingle-Time300,-5,1,-5,2,5.099019514,5.385164807,-9,10,0,0,0,20,10,10,5,15,9,11,5,15,8,12,1,-4,5,-4,5,9,Left,Left,300,3
ZigZagFSM,MonteCarloStateSingle-Time300,-2,1,-2,2,2.236067977,2.828427125,-7,10,0,-1,2,18,10,10,4,16,9,11,4,16,8,12,1,-5,4,-5,4,10,Left,Left,300,3
ZigZagFSM,MonteCarloStateSingle-Time300,1,1,1,2,1.414213562,2.236067977,-5,10,1,2,4,16,10,10,3,17,9,11,3,17,8,12,1,-6,3,-6,3,11,Right,Right,300,3
ZigZagFSM,MonteCarloStateSingle-Time300,1,0,1,1,1,1.414213562,-4,9,0,1,5,15,9,11,4,16,9,11,4,16,8,12,1,-5,4,-5,4,12,Right,Right,300,3
ZigZagFSM,MonteCarloStateSingle-Time300,2,13,-1,13,13.15294644,13.03840481,1,18,6,-13,10,10,18,2,8,12,5,15,11,9,5,15,3,-1,8,2,11,1,Right,Left,300,3
ZigZagFSM,MonteCarloStateSingle-Time300,2,12,1,12,12.16552506,12.04159458,2,17,6,12,11,9,17,3,9,11,5,15,10,10,5,15,1,0,9,1,10,2,Down,Right,300,3
ZigZagFSM,MonteCarloStateSingle-Time300,2,9,0,10,9.219544457,10,2,15,4,1,11,9,15,5,9,11,6,14,11,9,5,15,2,0,9,2,11,3,Down,Down,300,3
ZigZagFSM,MonteCarloStateSingle-Time300,4,8,2,9,8.94427191,9.219544457,4,15,2,4,13,7,15,5,9,11,7,13,11,9,6,14,2,0,9,2,11,4,Down,Down,300,3
ZigZagFSM,MonteCarloStateSingle-Time300,5,6,3,7,7.810249676,7.615773106,5,14,1,2,14,6,14,6,9,11,8,12,11,9,7,13,2,0,9,2,11,5,Right,Right,300,3
ZigZagFSM,MonteCarloStateSingle-Time300,5,5,3,6,7.071067812,6.708203932,6,13,1,2,15,5,13,7,10,10,8,12,12,8,7,13,2,1,10,3,12,6,Right,Right,300,3
ZigZagFSM,MonteCarloStateSingle-Time300,5,4,3,5,6.403124237,5.830951895,7,12,0,1,16,4,12,8,11,9,8,12,13,7,7,13,2,2,11,4,13,7,Right,Right,300,3
ZigZagFSM,MonteCarloStateSingle-Time300,6,4,4,5,7.211102551,6.403124237,9,12,0,1,18,2,12,8,12,8,8,12,14,6,7,13,2,3,12,5,14,8,Up,Up,300,3
ZigZagFSM,MonteCarloStateSingle-Time300,7,4,5,5,8.062257748,7.071067812,10,11,0,1,19,1,11,9,12,8,7,13,14,6,6,14,2,3,12,5,14,9,Right,Right,300,3
ZigZagFSM,MonteCarloStateSingle-Time300,6,2,4,3,6.32455532,5,10,9,0,0,19,1,9,11,13,7,7,13,15,5,6,14,2,4,13,6,15,10,Up,Right,300,3
ZigZagFSM,MonteCarloStateSingle-Time300,4,3,1,3,5,3.16227766,8,9,0,3,17,3,9,11,13,7,6,14,16,4,6,14,3,4,13,7,16,11,Right,Right,300,3
ZigZagFSM,MonteCarloStateSingle-Time300,3,1,0,1,3.16227766,1,8,7,0,1,17,3,7,13,14,6,6,14,17,3,6,14,3,5,14,8,17,12,Right,Down,300,3
ZigZagFSM,MonteCarloStateSingle-Time300,0,13,-3,13,13,13.34166406,-1,18,1,-4,8,12,18,2,8,12,5,15,11,9,5,15,3,-1,8,2,11,1,Down,Down,300,3
ZigZagFSM,MonteCarloStateSingle-Time300,-1,11,-4,11,11.04536102,11.70469991,-2,17,-11,-2,7,13,17,3,8,12,6,14,11,9,6,14,3,-1,8,2,11,2,Left,Down,300,3
ZigZagFSM,MonteCarloStateSingle-Time300,0,9,-4,8,9,8.94427191,-2,15,1,-2,7,13,15,5,7,13,6,14,11,9,7,13,4,-2,7,2,11,3,Down,Down,300,3
ZigZagFSM,MonteCarloStateSingle-Time300,-1,7,-5,6,7.071067812,7.810249676,-3,14,-7,-1,6,14,14,6,7,13,7,13,11,9,8,12,4,-2,7,2,11,4,Down,Down,300,3
ZigZagFSM,MonteCarloStateSingle-Time300,-2,5,-6,4,5.385164807,7.211102551,-4,13,-2,0,5,15,13,7,7,13,8,12,11,9,9,11,4,-2,7,2,11,5,Up,Left,300,3
ZigZagFSM,MonteCarloStateSingle-Time300,-2,4,-5,2,4.472135955,5.385164807,-4,11,-2,0,5,15,11,9,7,13,7,13,10,10,9,11,4,-2,7,1,10,6,Left,Left,300,3
ZigZagFSM,MonteCarloStateSingle-Time300,-1,2,-4,0,2.236067977,4,-4,9,-2,0,5,15,9,11,6,14,7,13,9,11,9,11,4,-3,6,0,9,7,Left,Left,300,3
ZigZagFSM,MonteCarloStateSingle-Time300,-1,1,-4,-1,1.414213562,4.123105626,-5,8,-1,0,4,16,8,12,5,15,7,13,8,12,9,11,4,-4,5,-1,8,8,Left,Left,300,3
ZigZagFSM,MonteCarloStateSingle-Time300,1,0,-2,-2,1,2.828427125,-4,7,0,1,5,15,7,13,4,16,7,13,7,13,9,11,4,-5,4,-2,7,9,Right,Right,300,3
ZigZagFSM,MonteCarloStateSingle-Time300,1,12,-2,12,12.04159458,12.16552506,0,17,12,-6,9,11,17,3,8,12,5,15,11,9,5,15,3,-1,8,2,11,1,Down,Left,300,3
ZigZagFSM,MonteCarloStateSingle-Time300,3,11,1,12,11.40175425,12.04159458,2,17,3,12,11,9,17,3,8,12,6,14,10,10,5,15,2,-1,8,1,10,2,Down,Right,300,3
ZigZagFSM,MonteCarloStateSingle-Time300,4,9,1,11,9.848857802,11.04536102,3,16,2,11,12,8,16,4,8,12,7,13,11,9,5,15,4,-1,8,2,11,3,Down,Down,300,3
ZigZagFSM,MonteCarloStateSingle-Time300,5,7,2,9,8.602325267,9.219544457,4,15,1,4,13,7,15,5,8,12,8,12,11,9,6,14,4,-1,8,2,11,4,Right,Down,300,3
ZigZagFSM,MonteCarloStateSingle-Time300,6,7,4,8,9.219544457,8.94427191,6,15,1,2,15,5,15,5,9,11,8,12,11,9,7,13,2,0,9,2,11,5,Down,Down,300,3
ZigZagFSM,MonteCarloStateSingle-Time300,7,5,5,6,8.602325267,7.810249676,7,14,0,1,16,4,14,6,9,11,9,11,11,9,8,12,2,0,9,2,11,6,Right,Right,300,3
ZigZagFSM,MonteCarloStateSingle-Time300,6,3,4,4,6.708203932,5.656854249,7,12,0,1,16,4,12,8,10,10,9,11,12,8,8,12,2,1,10,3,12,7,Right,Right,300,3
ZigZagFSM,MonteCarloStateSingle-Time300,7,3,5,4,7.615773106,6.403124237,9,12,0,0,18,2,12,8,11,9,9,11,13,7,8,12,2,2,11,4,13,8,Up,Right,300,3
ZigZagFSM,MonteCarloStateSingle-Time300,8,3,5,3,8.544003745,5.830951895,10,11,0,0,19,1,11,9,11,9,8,12,14,6,8,12,3,2,11,5,14,9,Up,Right,300,3
ZigZagFSM,MonteCarloStateSingle-Time300,9,3,5,2,9.486832981,5.385164807,11,10,0,0,20,0,10,10,11,9,7,13,15,5,8,12,4,2,11,6,15,10,Right,Right,300,3
ZigZagFSM,MonteCarloStateSingle-Time300,6,3,2,2,6.708203932,2.828427125,9,10,0,1,18,2,10,10,12,8,7,13,16,4,8,12,4,3,12,7,16,11,Right,Right,300,3
ZigZagFSM,MonteCarloStateSingle-Time300,5,1,1,0,5.099019514,1,9,8,0,0,18,2,8,12,13,7,7,13,17,3,8,12,4,4,13,8,17,12,Right,Right,300,3
ZigZagFSM,MonteCarloStateSingle-Time300,1,12,-2,12,12.04159458,12.16552506,0,17,12,-6,9,11,17,3,8,12,5,15,11,9,5,15,3,-1,8,2,11,1,Right,Down,300,3
ZigZagFSM,MonteCarloStateSingle-Time300,-1,11,-3,10,11.04536102,10.44030651,-1,16,-11,-3,8,12,16,4,9,11,5,15,11,9,6,14,2,0,9,2,11,2,Left,Left,300,3
ZigZagFSM,MonteCarloStateSingle-Time300,-1,10,-3,9,10.04987562,9.486832981,-2,15,-10,-3,7,13,15,5,8,12,5,15,10,10,6,14,2,-1,8,1,10,3,Left,Down,300,3
ZigZagFSM,MonteCarloStateSingle-Time300,-1,9,-4,7,9.055385138,8.062257748,-3,14,-9,-1,6,14,14,6,7,13,5,15,10,10,7,13,4,-2,7,1,10,4,Down,Left,300,3
ZigZagFSM,MonteCarloStateSingle-Time300,-1,6,-3,5,6.08276253,5.830951895,-3,12,-6,-1,6,14,12,8,7,13,6,14,9,11,7,13,2,-2,7,0,9,5,Up,Left,300,3
ZigZagFSM,MonteCarloStateSingle-Time300,-1,5,-2,3,5.099019514,3.605551275,-3,10,-5,-1,6,14,10,10,7,13,5,15,8,12,7,13,2,-2,7,-1,8,6,Left,Left,300,3
ZigZagFSM,MonteCarloStateSingle-Time300,-2,5,-3,3,5.385164807,4.242640687,-5,10,-2,-1,4,16,10,10,6,14,5,15,7,13,7,13,2,-3,6,-2,7,7,Up,Left,300,3
ZigZagFSM,MonteCarloStateSingle-Time300,-4,6,-4,3,7.211102551,5,-7,10,-1,0,2,18,10,10,6,14,4,16,6,14,7,13,3,-3,6,-3,6,8,Left,Left,300,3
ZigZagFSM,MonteCarloStateSingle-Time300,-4,5,-4,2,6.403124237,4.472135955,-8,9,-1,0,1,19,9,11,5,15,4,16,5,15,7,13,3,-4,5,-4,5,9,Left,Up,300,3
ZigZagFSM,MonteCarloStateSingle-Time300,-3,5,-4,3,5.830951895,5,-8,9,-1,0,1,19,9,11,4,16,4,16,5,15,6,14,2,-5,4,-4,5,10,Left,Left,300,3
ZigZagFSM,MonteCarloStateSingle-Time300,0,5,-1,3,5,3.16227766,-6,9,1,-3,3,17,9,11,3,17,4,16,4,16,6,14,2,-6,3,-5,4,11,Down,Left,300,3
ZigZagFSM,MonteCarloStateSingle-Time300,1,3,1,2,3.16227766,2.236067977,-5,8,3,2,4,16,8,12,3,17,5,15,3,17,6,14,1,-6,3,-6,3,12,Right,Up,300,3
ZigZagFSM,MonteCarloStateSingle-Time300,0,1,1,1,1,1.414213562,-5,6,1,1,4,16,6,14,4,16,5,15,3,17,5,15,1,-5,4,-6,3,13,Down,Left,300,3
ZigZagFSM,MonteCarloStateSingle-Time300,1,14,-2,14,14.03566885,14.14213562,0,19,14,-7,9,11,19,1,8,12,5,15,11,9,5,15,3,-1,8,2,11,1,Right,Left,300,3
ZigZagFSM,MonteCarloStateSingle-Time300,1,13,0,13,13.03840481,13,1,18,13,1,10,10,18,2,9,11,5,15,10,10,5,15,1,0,9,1,10,2,Right,Down,300,3
ZigZagFSM,MonteCarloStateSingle-Time300,1,12,1,11,12.04159458,11.04536102,2,17,12,11,11,9,17,3,10,10,5,15,10,10,6,14,1,1,10,1,10,3,Down,Right,300,3
ZigZagFSM,MonteCarloStateSingle-Time300,2,10,1,10,10.19803903,10.04987562,3,16,5,10,12,8,16,4,10,10,6,14,11,9,6,14,1,1,10,2,11,4,Right,Down,300,3
ZigZagFSM,MonteCarloStateSingle-Time300,2,9,2,8,9.219544457,8.246211251,4,15,4,4,13,7,15,5,11,9,6,14,11,9,7,13,1,2,11,2,11,5,Right,Down,300,3
ZigZagFSM,MonteCarloStateSingle-Time300,3,9,4,7,9.486832981,8.062257748,6,15,3,1,15,5,15,5,12,8,6,14,11,9,8,12,2,3,12,2,11,6,Right,Down,300,3
ZigZagFSM,MonteCarloStateSingle-Time300,2,7,4,4,7.280109889,5.656854249,6,13,3,1,15,5,13,7,13,7,6,14,11,9,9,11,4,4,13,2,11,7,Right,Right,300,3
ZigZagFSM,MonteCarloStateSingle-Time300,2,6,4,3,6.32455532,5,7,12,3,0,16,4,12,8,14,6,6,14,12,8,9,11,4,5,14,3,12,8,Down,Right,300,3
ZigZagFSM,MonteCarloStateSingle-Time300,3,4,4,2,5,4.472135955,8,11,1,0,17,3,11,9,14,6,7,13,13,7,9,11,2,5,14,4,13,9,Right,Right,300,3
ZigZagFSM,MonteCarloStateSingle-Time300,2,2,3,0,2.828427125,3,8,9,1,0,17,3,9,11,15,5,7,13,14,6,9,11,2,6,15,5,14,10,Right,Up,300,3
ZigZagFSM,MonteCarloStateSingle-Time300,1,0,3,-1,1,3.16227766,8,7,0,0,17,3,7,13,16,4,7,13,14,6,8,12,2,7,16,5,14,11,Right,Right,300,3
ZigZagFSM,MonteCarloStateSingle-Time300,1,14,-2,14,14.03566885,14.14213562,0,19,14,-7,9,11,19,1,8,12,5,15,11,9,5,15,3,-1,8,2,11,0,Down,Left,300,3
ZigZagFSM,MonteCarloStateSingle-Time300,2,12,0,13,12.16552506,13,1,18,6,1,10,10,18,2,8,12,6,14,10,10,5,15,2,-1,8,1,10,1,Right,Down,300,3
ZigZagFSM,MonteCarloStateSingle-Time300,2,11,1,11,11.18033989,11.04536102,2,17,5,11,11,9,17,3,9,11,6,14,10,10,6,14,1,0,9,1,10,2,Right,Down,300,3
ZigZagFSM,MonteCarloStateSingle-Time300,2,10,2,9,10.19803903,9.219544457,3,16,5,4,12,8,16,4,10,10,6,14,10,10,7,13,1,1,10,1,10,3,Down,Right,300,3
ZigZagFSM,MonteCarloStateSingle-Time300,3,8,2,8,8.544003745,8.246211251,4,15,2,4,13,7,15,5,10,10,7,13,11,9,7,13,1,1,10,2,11,4,Right,Down,300,3
ZigZagFSM,MonteCarloStateSingle-Time300,3,7,3,6,7.615773106,6.708203932,5,14,2,2,14,6,14,6,11,9,7,13,11,9,8,12,1,2,11,2,11,5,Down,Up,300,3
ZigZagFSM,MonteCarloStateSingle-Time300,3,4,3,5,5,5.830951895,5,12,1,1,14,6,12,8,11,9,8,12,11,9,7,13,1,2,11,2,11,6,Right,Right,300,3
ZigZagFSM,MonteCarloStateSingle-Time300,4,4,4,5,5.656854249,6.403124237,7,12,1,1,16,4,12,8,12,8,8,12,12,8,7,13,1,3,12,3,12,7,Up,Up,300,3
ZigZagFSM,MonteCarloStateSingle-Time300,5,4,5,5,6.403124237,7.071067812,8,11,0,1,17,3,11,9,12,8,7,13,12,8,6,14,1,3,12,3,12,8,Right,Right,300,3
ZigZagFSM,MonteCarloStateSingle-Time300,5,3,5,4,5.830951895,6.403124237,9,10,0,0,18,2,10,10,13,7,7,13,13,7,6,14,1,4,13,4,13,9,Right,Right,300,3
ZigZagFSM,MonteCarloStateSingle-Time300,5,2,5,3,5.385164807,5.830951895,10,9,0,0,19,1,9,11,14,6,7,13,14,6,6,14,1,5,14,5,14,10,Up,Right,300,3
ZigZagFSM,MonteCarloStateSingle-Time300,5,1,4,1,5.099019514,4.123105626,10,7,0,0,19,1,7,13,14,6,6,14,15,5,6,14,1,5,14,6,15,11,Right,Right,300,3
ZigZagFSM,MonteCarloStateSingle-Time300,3,0,2,0,3,2,9,6,0,0,18,2,6,14,15,5,6,14,16,4,6,14,1,6,15,7,16,12,Right,Right,300,3
ZigZagFSM,MonteCarloStateSingle-Time300,1,-1,0,-1,1.414213562,1,8,5,-1,1,17,3,5,15,16,4,6,14,17,3,6,14,1,7,16,8,17,13,Right,Up,300,3
ZigZagFSM,MonteCarloStateSingle-Time300,2,13,-1,13,13.15294644,13.03840481,1,18,6,-13,10,10,18,2,8,12,5,15,11,9,5,15,3,-1,8,2,11,1,Down,Down,300,3
ZigZagFSM,MonteCarloStateSingle-Time300,2,10,-1,10,10.19803903,10.04987562,1,16,5,-10,10,10,16,4,8,12,6,14,11,9,6,14,3,-1,8,2,11,2,Right,Down,300,3
ZigZagFSM,MonteCarloStateSingle-Time300,3,10,1,9,10.44030651,9.055385138,3,16,3,9,12,8,16,4,9,11,6,14,11,9,7,13,2,0,9,2,11,3,Right,Right,300,3
ZigZagFSM,MonteCarloStateSingle-Time300,2,8,0,7,8.246211251,7,3,14,4,1,12,8,14,6,10,10,6,14,12,8,7,13,2,1,10,3,12,4,Down,Left,300,3
ZigZagFSM,MonteCarloStateSingle-Time300,3,6,2,6,6.708203932,6.32455532,4,13,2,3,13,7,13,7,10,10,7,13,11,9,7,13,1,1,10,2,11,5,Down,Right,300,3
ZigZagFSM,MonteCarloStateSingle-Time300,4,4,2,5,5.656854249,5.385164807,5,12,1,2,14,6,12,8,10,10,8,12,12,8,7,13,2,1,10,3,12,6,Up,Right,300,3
ZigZagFSM,MonteCarloStateSingle-Time300,5,4,2,4,6.403124237,4.472135955,6,11,0,2,15,5,11,9,10,10,7,13,13,7,7,13,3,1,10,4,13,7,Right,Up,300,3
ZigZagFSM,MonteCarloStateSingle-Time300,6,4,4,5,7.211102551,6.403124237,8,11,0,1,17,3,11,9,11,9,7,13,13,7,6,14,2,2,11,4,13,8,Right,Right,300,3
ZigZagFSM,MonteCarloStateSingle-Time300,6,3,4,4,6.708203932,5.656854249,9,10,0,1,18,2,10,10,12,8,7,13,14,6,6,14,2,3,12,5,14,9,Right,Right,300,3
ZigZagFSM,MonteCarloStateSingle-Time300,6,2,4,3,6.32455532,5,10,9,0,0,19,1,9,11,13,7,7,13,15,5,6,14,2,4,13,6,15,10,Right,Right,300,3
ZigZagFSM,MonteCarloStateSingle-Time300,4,1,2,2,4.123105626,2.828427125,9,8,0,1,18,2,8,12,14,6,7,13,16,4,6,14,2,5,14,7,16,11,Right,Right,300,3
ZigZagFSM,MonteCarloStateSingle-Time300,3,-1,1,0,3.16227766,1,9,6,0,0,18,2,6,14,15,5,7,13,17,3,6,14,2,6,15,8,17,12,Right,Right,300,3
ZigZagFSM,MonteCarloStateSingle-Time300,1,14,-2,14,14.03566885,14.14213562,0,19,14,-7,9,11,19,1,8,12,5,15,11,9,5,15,3,-1,8,2,11,0,Right,Left,300,3
ZigZagFSM,MonteCarloStateSingle-Time300,-1,13,-2,13,13.03840481,13.15294644,-1,18,-13,-6,8,12,18,2,9,11,5,15,10,10,5,15,1,0,9,1,10,1,Down,Down,300,3
ZigZagFSM,MonteCarloStateSingle-Time300,-2,11,-3,11,11.18033989,11.40175425,-2,17,-5,-3,7,13,17,3,9,11,6,14,10,10,6,14,1,0,9,1,10,2,Down,Left,300,3
ZigZagFSM,MonteCarloStateSingle-Time300,-3,9,-3,10,9.486832981,10.44030651,-3,16,-3,-3,6,14,16,4,9,11,7,13,9,11,6,14,1,0,9,0,9,3,Down,Left,300,3
ZigZagFSM,MonteCarloStateSingle-Time300,-3,6,-2,8,6.708203932,8.246211251,-3,14,-2,-4,6,14,14,6,9,11,8,12,8,12,6,14,2,0,9,-1,8,4,Left,Left,300,3
ZigZagFSM,MonteCarloStateSingle-Time300,-3,5,-2,7,5.830951895,7.280109889,-4,13,-1,-3,5,15,13,7,8,12,8,12,7,13,6,14,2,-1,8,-2,7,5,Up,Left,300,3
ZigZagFSM,MonteCarloStateSingle-Time300,-4,5,-2,6,6.403124237,6.32455532,-5,12,-1,-3,4,16,12,8,8,12,7,13,6,14,6,14,2,-1,8,-3,6,6,Left,Left,300,3
ZigZagFSM,MonteCarloStateSingle-Time300,-3,3,-1,4,4.242640687,4.123105626,-5,10,-1,-4,4,16,10,10,7,13,7,13,5,15,6,14,2,-2,7,-4,5,7,Left,Left,300,3
ZigZagFSM,MonteCarloStateSingle-Time300,-4,3,-2,4,5,4.472135955,-7,10,0,-2,2,18,10,10,6,14,7,13,4,16,6,14,2,-3,6,-5,4,8,Left,Left,300,3
ZigZagFSM,MonteCarloStateSingle-Time300,-3,1,-1,2,3.16227766,2.236067977,-7,8,0,-2,2,18,8,12,5,15,7,13,3,17,6,14,2,-4,5,-6,3,9,Left,Left,300,3
ZigZagFSM,MonteCarloStateSingle-Time300,-1,0,1,1,1,1.414213562,-6,7,0,1,3,17,7,13,4,16,7,13,2,18,6,14,2,-5,4,-7,2,10,Left,Left,300,3
ZigZagFSM,MonteCarloStateSingle-Time300,1,12,-2,12,12.04159458,12.16552506,0,17,12,-6,9,11,17,3,8,12,5,15,11,9,5,15,3,-1,8,2,11,1,Down,Left,300,3
ZigZagFSM,MonteCarloStateSingle-Time300,1,9,-1,10,9.055385138,10.04987562,0,15,9,-10,9,11,15,5,8,12,6,14,10,10,5,15,2,-1,8,1,10,2,Right,Down,300,3
ZigZagFSM,MonteCarloStateSingle-Time300,-2,9,-3,9,9.219544457,9.486832981,-2,15,-4,-3,7,13,15,5,9,11,6,14,10,10,6,14,1,0,9,1,10,3,Left,Down,300,3
ZigZagFSM,MonteCarloStateSingle-Time300,-2,8,-4,7,8.246211251,8.062257748,-3,14,-4,-1,6,14,14,6,8,12,6,14,10,10,7,13,2,-1,8,1,10,4,Down,Left,300,3
ZigZagFSM,MonteCarloStateSingle-Time300,-4,7,-5,7,8.062257748,8.602325267,-5,14,-1,-1,4,16,14,6,8,12,7,13,9,11,7,13,1,-1,8,0,9,5,Left,Down,300,3
ZigZagFSM,MonteCarloStateSingle-Time300,-3,5,-5,4,5.830951895,6.403124237,-5,12,-1,0,4,16,12,8,7,13,7,13,9,11,8,12,2,-2,7,0,9,6,Left,Left,300,3
ZigZagFSM,MonteCarloStateSingle-Time300,-2,3,-4,2,3.605551275,4.472135955,-5,10,-1,0,4,16,10,10,6,14,7,13,8,12,8,12,2,-3,6,-1,8,7,Left,Left,300,3
ZigZagFSM,MonteCarloStateSingle-Time300,-3,3,-5,2,4.242640687,5.385164807,-7,10,-1,0,2,18,10,10,5,15,7,13,7,13,8,12,2,-4,5,-2,7,8,Left,Up,300,3
ZigZagFSM,MonteCarloStateSingle-Time300,-3,2,-6,2,3.605551275,6.32455532,-8,9,0,0,1,19,9,11,4,16,7,13,7,13,7,13,3,-5,4,-2,7,9,Up,Left,300,3
ZigZagFSM,MonteCarloStateSingle-Time300,-2,2,-4,1,2.828427125,4.123105626,-7,8,-1,0,2,18,8,12,4,16,6,14,6,14,7,13,2,-5,4,-3,6,10,Up,Left,300,3
ZigZagFSM,MonteCarloStateSingle-Time300,0,3,-1,1,3,1.414213562,-5,8,1,-1,4,16,8,12,4,16,5,15,5,15,7,13,2,-5,4,-4,5,11,Up,Up,300,3
ZigZagFSM,MonteCarloStateSingle-Time300,2,4,1,2,4.472135955,2.236067977,-3,8,2,2,6,14,8,12,4,16,4,16,5,15,6,14,2,-5,4,-4,5,12,Right,Right,300,3
ZigZagFSM,MonteCarloStateSingle-Time300,2,3,1,1,3.605551275,1.414213562,-2,7,1,1,7,13,7,13,5,15,4,16,6,14,6,14,2,-4,5,-3,6,13,Up,Right,300,3
ZigZagFSM,MonteCarloStateSingle-Time300,3,3,1,0,4.242640687,1,-1,6,1,0,8,12,6,14,5,15,3,17,7,13,6,14,4,-4,5,-2,7,14,Right,Right,300,3
ZigZagFSM,MonteCarloStateSingle-Time300,2,13,-1,13,13.15294644,13.03840481,1,18,6,-13,10,10,18,2,8,12,5,15,11,9,5,15,3,-1,8,2,11,1,Right,Down,300,3
ZigZagFSM,MonteCarloStateSingle-Time300,1,11,-1,10,11.04536102,10.04987562,1,16,11,-10,10,10,16,4,9,11,5,15,11,9,6,14,2,0,9,2,11,2,Right,Down,300,3
ZigZagFSM,MonteCarloStateSingle-Time300,2,11,1,9,11.18033989,9.055385138,3,16,5,9,12,8,16,4,10,10,5,15,11,9,7,13,2,1,10,2,11,3,Down,Right,300,3
ZigZagFSM,MonteCarloStateSingle-Time300,3,9,1,8,9.486832981,8.062257748,4,15,3,8,13,7,15,5,10,10,6,14,12,8,7,13,2,1,10,3,12,4,Down,Right,300,3
ZigZagFSM,MonteCarloStateSingle-Time300,5,8,2,8,9.433981132,8.246211251,6,15,1,4,15,5,15,5,10,10,7,13,13,7,7,13,3,1,10,4,13,5,Right,Right,300,3
ZigZagFSM,MonteCarloStateSingle-Time300,5,7,2,7,8.602325267,7.280109889,7,14,1,3,16,4,14,6,11,9,7,13,14,6,7,13,3,2,11,5,14,6,Down,Down,300,3
ZigZagFSM,MonteCarloStateSingle-Time300,6,5,3,5,7.810249676,5.830951895,8,13,0,1,17,3,13,7,11,9,8,12,14,6,8,12,3,2,11,5,14,7,Down,Right,300,3
ZigZagFSM,MonteCarloStateSingle-Time300,8,4,4,5,8.94427191,6.403124237,10,13,0,1,19,1,13,7,11,9,9,11,15,5,8,12,4,2,11,6,15,8,Right,Right,300,3
ZigZagFSM,MonteCarloStateSingle-Time300,8,3,4,4,8.544003745,5.656854249,11,12,0,1,20,0,12,8,12,8,9,11,16,4,8,12,4,3,12,7,16,9,Right,Right,300,3
ZigZagFSM,MonteCarloStateSingle-Time300,7,1,3,2,7.071067812,3.605551275,11,10,0,0,20,0,10,10,13,7,9,11,17,3,8,12,4,4,13,8,17,10,Up,Right,300,3
ZigZagFSM,MonteCarloStateSingle-Time300,6,1,1,1,6.08276253,1.414213562,10,9,0,1,19,1,9,11,13,7,8,12,18,2,8,12,5,4,13,9,18,11,Right,Right,300,3
ZigZagFSM,MonteCarloStateSingle-Time300,3,1,-2,1,3.16227766,2.236067977,8,9,0,0,17,3,9,11,14,6,8,12,19,1,8,12,5,5,14,10,19,12,Right,Right,300,3
ZigZagFSM,MonteCarloStateSingle-Time300,1,0,-4,0,1,4,7,8,0,0,16,4,8,12,15,5,8,12,20,0,8,12,5,6,15,11,20,13,Right,Right,300,3
ZigZagFSM,MonteCarloStateSingle-Time300,1,13,-2,13,13.03840481,13.15294644,0,18,13,-6,9,11,18,2,8,12,5,15,11,9,5,15,3,-1,8,2,11,0,Right,Down,300,3
ZigZagFSM,MonteCarloStateSingle-Time300,1,12,-1,11,12.04159458,11.04536102,1,17,12,-11,10,10,17,3,9,11,5,15,11,9,6,14,2,0,9,2,11,1,Right,Left,300,3
ZigZagFSM,MonteCarloStateSingle-Time300,1,11,1,10,11.04536102,10.04987562,2,16,11,10,11,9,16,4,10,10,5,15,10,10,6,14,1,1,10,1,10,2,Down,Down,300,3
ZigZagFSM,MonteCarloStateSingle-Time300,2,9,2,8,9.219544457,8.246211251,3,15,4,4,12,8,15,5,10,10,6,14,10,10,7,13,1,1,10,1,10,3,Right,Right,300,3
ZigZagFSM,MonteCarloStateSingle-Time300,2,8,2,7,8.246211251,7.280109889,4,14,4,3,13,7,14,6,11,9,6,14,11,9,7,13,1,2,11,2,11,4,Right,Right,300,3
ZigZagFSM,MonteCarloStateSingle-Time300,2,7,2,6,7.280109889,6.32455532,5,13,3,3,14,6,13,7,12,8,6,14,12,8,7,13,1,3,12,3,12,5,Down,Down,300,3
ZigZagFSM,MonteCarloStateSingle-Time300,3,5,3,4,5.830951895,5,6,12,1,1,15,5,12,8,12,8,7,13,12,8,8,12,1,3,12,3,12,6,Right,Up,300,3
ZigZagFSM,MonteCarloStateSingle-Time300,2,3,3,3,3.605551275,4.242640687,6,10,1,1,15,5,10,10,13,7,7,13,12,8,7,13,1,4,13,3,12,7,Up,Up,300,3
ZigZagFSM,MonteCarloStateSingle-Time300,2,2,3,2,2.828427125,3.605551275,6,8,1,0,15,5,8,12,13,7,6,14,12,8,6,14,1,4,13,3,12,8,Right,Up,300,3
ZigZagFSM,MonteCarloStateSingle-Time300,1,0,3,1,1,3.16227766,6,6,0,0,15,5,6,14,14,6,6,14,12,8,5,15,2,5,14,3,12,9,Right,Right,300,3
ZigZagFSM,MonteCarloStateSingle-Time300,2,13,-1,13,13.15294644,13.03840481,1,18,6,-13,10,10,18,2,8,12,5,15,11,9,5,15,3,-1,8,2,11,1,Down,Left,300,3
ZigZagFSM,MonteCarloStateSingle-Time300,1,11,-1,12,11.04536102,12.04159458,0,17,11,-12,9,11,17,3,8,12,6,14,10,10,5,15,2,-1,8,1,10,2,Down,Left,300,3
ZigZagFSM,MonteCarloStateSingle-Time300,1,8,0,10,8.062257748,10,0,15,8,1,9,11,15,5,8,12,7,13,9,11,5,15,2,-1,8,0,9,3,Down,Left,300,3
ZigZagFSM,MonteCarloStateSingle-Time300,0,6,0,9,6,9,-1,14,1,1,8,12,14,6,8,12,8,12,8,12,5,15,3,-1,8,-1,8,4,Left,Left,300,3
ZigZagFSM,MonteCarloStateSingle-Time300,1,4,1,7,4.123105626,7.071067812,-1,12,4,7,8,12,12,8,7,13,8,12,7,13,5,15,3,-2,7,-2,7,5,Up,Up,300,3
ZigZagFSM,MonteCarloStateSingle-Time300,0,4,0,7,4,7,-2,11,1,1,7,13,11,9,7,13,7,13,7,13,4,16,3,-2,7,-2,7,6,Up,Up,300,3
ZigZagFSM,MonteCarloStateSingle-Time300,-1,4,-1,7,4.123105626,7.071067812,-3,10,-4,-7,6,14,10,10,7,13,6,14,7,13,3,17,3,-2,7,-2,7,7,Left,Left,300,3
ZigZagFSM,MonteCarloStateSingle-Time300,-1,3,-1,6,3.16227766,6.08276253,-4,9,-3,-6,5,15,9,11,6,14,6,14,6,14,3,17,3,-3,6,-3,6,8,Up,Left,300,3
ZigZagFSM,MonteCarloStateSingle-Time300,0,3,1,5,3,5.099019514,-3,8,1,5,6,14,8,12,6,14,5,15,5,15,3,17,2,-3,6,-4,5,9,Up,Up,300,3
ZigZagFSM,MonteCarloStateSingle-Time300,2,4,3,6,4.472135955,6.708203932,-1,8,2,2,8,12,8,12,6,14,4,16,5,15,2,18,2,-3,6,-4,5,10,Up,Right,300,3
ZigZagFSM,MonteCarloStateSingle-Time300,3,4,3,5,5,5.830951895,0,7,1,1,9,11,7,13,6,14,3,17,6,14,2,18,1,-3,6,-3,6,11,Right,Right,300,3
ZigZagFSM,MonteCarloStateSingle-Time300,2,2,2,3,2.828427125,3.605551275,0,5,1,1,9,11,5,15,7,13,3,17,7,13,2,18,1,-2,7,-2,7,12,Right,Up,300,3
ZigZagFSM,MonteCarloStateSingle-Time300,1,0,2,2,1,2.828427125,0,3,0,1,9,11,3,17,8,12,3,17,7,13,1,19,2,-1,8,-2,7,13,Right,Right,300,3
ZigZagFSM,MonteCarloStateSingle-Time300,1,13,-2,13,13.03840481,13.15294644,0,18,13,-6,9,11,18,2,8,12,5,15,11,9,5,15,3,-1,8,2,11,0,Down,Down,300,3
ZigZagFSM,MonteCarloStateSingle-Time300,0,11,-3,11,11,11.40175425,-1,17,1,-3,8,12,17,3,8,12,6,14,11,9,6,14,3,-1,8,2,11,1,Left,Left,300,3
ZigZagFSM,MonteCarloStateSingle-Time300,0,10,-3,10,10,10.44030651,-2,16,1,-3,7,13,16,4,7,13,6,14,10,10,6,14,3,-2,7,1,10,2,Down,Left,300,3
ZigZagFSM,MonteCarloStateSingle-Time300,0,7,-2,8,7,8.246211251,-2,14,1,-4,7,13,14,6,7,13,7,13,9,11,6,14,2,-2,7,0,9,3,Down,Down,300,3
ZigZagFSM,MonteCarloStateSingle-Time300,-1,5,-3,6,5.099019514,6.708203932,-3,13,-5,-2,6,14,13,7,7,13,8,12,9,11,7,13,2,-2,7,0,9,4,Down,Left,300,3
ZigZagFSM,MonteCarloStateSingle-Time300,-2,3,-3,5,3.605551275,5.830951895,-4,12,-1,-1,5,15,12,8,7,13,9,11,8,12,7,13,2,-2,7,-1,8,5,Up,Left,300,3
ZigZagFSM,MonteCarloStateSingle-Time300,-3,3,-3,4,4.242640687,5,-5,11,-1,-1,4,16,11,9,7,13,8,12,7,13,7,13,1,-2,7,-2,7,6,Left,Left,300,3
ZigZagFSM,MonteCarloStateSingle-Time300,-4,3,-4,4,5,5.656854249,-7,11,0,-1,2,18,11,9,6,14,8,12,6,14,7,13,1,-3,6,-3,6,7,Left,Left,300,3
ZigZagFSM,MonteCarloStateSingle-Time300,-4,2,-4,3,4.472135955,5,-8,10,0,0,1,19,10,10,5,15,8,12,5,15,7,13,1,-4,5,-4,5,8,Left,Left,300,3
ZigZagFSM,MonteCarloStateSingle-Time300,-4,1,-4,2,4.123105626,4.472135955,-9,9,0,0,0,20,9,11,4,16,8,12,4,16,7,13,1,-5,4,-5,4,9,Left,Left,300,3
ZigZagFSM,MonteCarloStateSingle-Time300,-1,1,-1,2,1.414213562,2.236067977,-7,9,-1,-2,2,18,9,11,3,17,8,12,3,17,7,13,1,-6,3,-6,3,10,Up,Left,300,3
ZigZagFSM,MonteCarloStateSingle-Time300,0,1,1,1,1,1.414213562,-6,8,1,1,3,17,8,12,3,17,7,13,2,18,7,13,1,-6,3,-7,2,11,Down,Left,300,3
ZigZagFSM,MonteCarloStateSingle-Time300,1,13,-2,13,13.03840481,13.15294644,0,18,13,-6,9,11,18,2,8,12,5,15,11,9,5,15,3,-1,8,2,11,0,Down,Down,300,3
ZigZagFSM,MonteCarloStateSingle-Time300,2,11,-1,11,11.18033989,11.04536102,1,17,5,-11,10,10,17,3,8,12,6,14,11,9,6,14,3,-1,8,2,11,1,Right,Left,300,3
ZigZagFSM,MonteCarloStateSingle-Time300,2,10,1,10,10.19803903,10.04987562,2,16,5,10,11,9,16,4,9,11,6,14,10,10,6,14,1,0,9,1,10,2,Down,Right,300,3
ZigZagFSM,MonteCarloStateSingle-Time300,3,8,1,9,8.544003745,9.055385138,3,15,2,9,12,8,15,5,9,11,7,13,11,9,6,14,2,0,9,2,11,3,Down,Right,300,3
ZigZagFSM,MonteCarloStateSingle-Time300,3,5,0,7,5.830951895,7,3,13,1,1,12,8,13,7,9,11,8,12,12,8,6,14,4,0,9,3,12,4,Right,Up,300,3
ZigZagFSM,MonteCarloStateSingle-Time300,3,4,1,7,5,7.071067812,4,12,1,7,13,7,12,8,10,10,8,12,12,8,5,15,4,1,10,3,12,5,Right,Right,300,3
ZigZagFSM,MonteCarloStateSingle-Time300,3,3,1,6,4.242640687,6.08276253,5,11,1,6,14,6,11,9,11,9,8,12,13,7,5,15,4,2,11,4,13,6,Right,Right,300,3
ZigZagFSM,MonteCarloStateSingle-Time300,3,2,1,5,3.605551275,5.099019514,6,10,0,5,15,5,10,10,12,8,8,12,14,6,5,15,4,3,12,5,14,7,Right,Right,300,3
ZigZagFSM,MonteCarloStateSingle-Time300,2,0,0,3,2,3,6,8,0,1,15,5,8,12,13,7,8,12,15,5,5,15,4,4,13,6,15,8,Right,Right,300,3
ZigZagFSM,MonteCarloStateSingle-Time300,0,-1,-2,2,1,2.828427125,5,7,1,-1,14,6,7,13,14,6,8,12,16,4,5,15,4,5,14,7,16,9,Up,Right,300,3
ZigZagFSM,MonteCarloStateSingle-Time300,1,14,-2,14,14.03566885,14.14213562,0,19,14,-7,9,11,19,1,8,12,5,15,11,9,5,15,3,-1,8,2,11,1,Down,Down,300,3
ZigZagFSM,MonteCarloStateSingle-Time300,1,11,-2,11,11.04536102,11.18033989,0,17,11,-5,9,11,17,3,8,12,6,14,11,9,6,14,3,-1,8,2,11,2,Down,Down,300,3
ZigZagFSM,MonteCarloStateSingle-Time300,0,9,-3,9,9,9.486832981,-1,16,1,-3,8,12,16,4,8,12,7,13,11,9,7,13,3,-1,8,2,11,3,Left,Left,300,3
ZigZagFSM,MonteCarloStateSingle-Time300,0,8,-3,8,8,8.544003745,-2,15,1,-2,7,13,15,5,7,13,7,13,10,10,7,13,3,-2,7,1,10,4,Left,Down,300,3
ZigZagFSM,MonteCarloStateSingle-Time300,0,7,-4,6,7,7.211102551,-3,14,1,-1,6,14,14,6,6,14,7,13,10,10,8,12,4,-3,6,1,10,5,Down,Left,300,3
ZigZagFSM,MonteCarloStateSingle-Time300,-2,6,-5,6,6.32455532,7.810249676,-5,14,-3,-1,4,16,14,6,6,14,8,12,9,11,8,12,3,-3,6,0,9,6,Up,Left,300,3
ZigZagFSM,MonteCarloStateSingle-Time300,-3,6,-5,5,6.708203932,7.071067812,-6,13,-2,-1,3,17,13,7,6,14,7,13,8,12,8,12,2,-3,6,-1,8,7,Left,Left,300,3
ZigZagFSM,MonteCarloStateSingle-Time300,-3,5,-5,4,5.830951895,6.403124237,-7,12,-1,0,2,18,12,8,5,15,7,13,7,13,8,12,2,-4,5,-2,7,8,Left,Up,300,3
ZigZagFSM,MonteCarloStateSingle-Time300,-3,4,-6,4,5,7.211102551,-8,11,-1,0,1,19,11,9,4,16,7,13,7,13,7,13,3,-5,4,-2,7,9,Up,Left,300,3
ZigZagFSM,MonteCarloStateSingle-Time300,-4,5,-6,4,6.403124237,7.211102551,-9,11,-1,0,0,20,11,9,4,16,6,14,6,14,7,13,2,-5,4,-3,6,10,Left,Left,300,3
ZigZagFSM,MonteCarloStateSingle-Time300,-1,5,-3,4,5.099019514,5,-7,11,-5,-1,2,18,11,9,3,17,6,14,5,15,7,13,2,-6,3,-4,5,11,Left,Up,300,3
ZigZagFSM,MonteCarloStateSingle-Time300,2,5,-1,5,5.385164807,5.099019514,-5,11,2,-5,4,16,11,9,2,18,6,14,5,15,6,14,3,-7,2,-4,5,12,Right,Down,300,3
ZigZagFSM,MonteCarloStateSingle-Time300,3,5,1,4,5.830951895,4.123105626,-3,11,1,4,6,14,11,9,3,17,6,14,5,15,7,13,2,-6,3,-4,5,13,Right,Down,300,3
ZigZagFSM,MonteCarloStateSingle-Time300,2,3,1,1,3.605551275,1.414213562,-3,9,1,1,6,14,9,11,4,16,6,14,5,15,8,12,2,-5,4,-4,5,14,Right,Up,300,3
ZigZagFSM,MonteCarloStateSingle-Time300,1,1,1,0,1.414213562,1,-3,7,1,0,6,14,7,13,5,15,6,14,5,15,7,13,1,-4,5,-4,5,15,Right,Right,300,3
